my-first-one,identifier,metric,timestamp,value
experiment_name,3b1f633f-aa42-4675-a93a-21a1b7aa14d0,function_instantiate_time,1773615214.663729,3.076289208
experiment_name,a74596e4-26a0-4c35-bde2-6ddab0f82f44,function_instantiate_time,1773615214.666854,3.0923115
experiment_name,2a7150f7-d3f8-453d-a252-ad1991266e9d,function_instantiate_time,1773615214.669776,3.1247785
experiment_name,66e56bc1-a512-442e-bcde-b12fa5dcc6ca,function_instantiate_time,1773615214.664504,3.081157375
experiment_name,e3133e79-ca22-4c3c-8a4f-80b364a7a502,function_instantiate_time,1773615214.661712,3.063647208
experiment_name,fcfb87c4-4d9e-4502-9d7e-983fbac26d57,function_instantiate_time,1773615214.663713,3.074147167
experiment_name,192df0c6-b9d1-4027-aff2-079636886e26,function_instantiate_time,1773615214.659925,3.054479584
experiment_name,8349b552-cb78-480e-ba2d-df064d58e6c0,function_instantiate_time,1773615214.666843,3.086639958
experiment_name,3371ab93-f4dd-410d-bf67-4732ec05fc05,function_instantiate_time,1773615214.659931,3.058100291
experiment_name,8a929fae-4a12-4bbc-a34a-502ff18b8087,function_instantiate_time,1773615214.669929,3.1277971669999998
experiment_name,49fcd0a3-acce-49a9-af48-a9be0ef2c6ba,function_instantiate_time,1773615214.661701,3.066613958
experiment_name,8ab1a44a-5821-499f-9f5b-81d8d69c3b06,function_instantiate_time,1773615214.667396,3.116950792
experiment_name,68d7048a-7004-47c3-a3b0-3d68dac67d7f,function_instantiate_time,1773615214.66943,3.121723791
experiment_name,48735aeb-22cf-4123-a681-c092f56419a9,function_instantiate_time,1773615214.665597,3.079324375
experiment_name,c8f36955-3a57-482e-b42d-6ed024c7d034,function_instantiate_time,1773615214.659902,3.05150775
experiment_name,db4bcaef-abda-4788-94bf-37f95c6026b4,function_instantiate_time,1773615214.666183,3.094403041
experiment_name,eda8e655-da64-4ca3-b800-4da4862955e0,function_instantiate_time,1773615214.661837,3.069462333
experiment_name,e3133e79-ca22-4c3c-8a4f-80b364a7a502,function_init_time,1773615214.661784,0.000049
experiment_name,48735aeb-22cf-4123-a681-c092f56419a9,function_init_time,1773615214.665615,0.000038083
experiment_name,db4bcaef-abda-4788-94bf-37f95c6026b4,function_init_time,1773615214.666199,0.000055792
experiment_name,fcfb87c4-4d9e-4502-9d7e-983fbac26d57,function_init_time,1773615214.663751,0.000044208
experiment_name,66e56bc1-a512-442e-bcde-b12fa5dcc6ca,function_init_time,1773615214.664559,0.000041333
experiment_name,192df0c6-b9d1-4027-aff2-079636886e26,function_init_time,1773615214.660064,0.000101084
experiment_name,49fcd0a3-acce-49a9-af48-a9be0ef2c6ba,function_init_time,1773615214.661744,0.00005075
experiment_name,c8f36955-3a57-482e-b42d-6ed024c7d034,function_init_time,1773615214.66004,0.000079
experiment_name,3b1f633f-aa42-4675-a93a-21a1b7aa14d0,function_init_time,1773615214.663833,0.00010225
experiment_name,68d7048a-7004-47c3-a3b0-3d68dac67d7f,function_init_time,1773615214.669436,0.00004125
experiment_name,eda8e655-da64-4ca3-b800-4da4862955e0,function_init_time,1773615214.661861,0.000059375
experiment_name,a74596e4-26a0-4c35-bde2-6ddab0f82f44,function_init_time,1773615214.666884,0.000033375
experiment_name,2a7150f7-d3f8-453d-a252-ad1991266e9d,function_init_time,1773615214.669779,0.000050958
experiment_name,8ab1a44a-5821-499f-9f5b-81d8d69c3b06,function_init_time,1773615214.667445,0.000040417
experiment_name,8349b552-cb78-480e-ba2d-df064d58e6c0,function_init_time,1773615214.666904,0.000049708
experiment_name,3371ab93-f4dd-410d-bf67-4732ec05fc05,function_init_time,1773615214.660083,0.000107125
experiment_name,192df0c6-b9d1-4027-aff2-079636886e26,function_execution_time,1773615214.660252,0.000221583
experiment_name,192df0c6-b9d1-4027-aff2-079636886e26,function_execution_time,1773615214.660536,0.000057
experiment_name,8349b552-cb78-480e-ba2d-df064d58e6c0,function_execution_time,1773615214.667138,0.000115625
experiment_name,8349b552-cb78-480e-ba2d-df064d58e6c0,function_execution_time,1773615214.667339,0.0000825
experiment_name,eda8e655-da64-4ca3-b800-4da4862955e0,function_execution_time,1773615214.661982,0.000081709
experiment_name,eda8e655-da64-4ca3-b800-4da4862955e0,function_execution_time,1773615214.662717,0.000125667
experiment_name,e3133e79-ca22-4c3c-8a4f-80b364a7a502,function_execution_time,1773615214.661895,0.000097625
experiment_name,e3133e79-ca22-4c3c-8a4f-80b364a7a502,function_execution_time,1773615214.662317,0.000088375
experiment_name,66e56bc1-a512-442e-bcde-b12fa5dcc6ca,function_execution_time,1773615214.664624,0.000059708
experiment_name,66e56bc1-a512-442e-bcde-b12fa5dcc6ca,function_execution_time,1773615214.664846,0.000119083
experiment_name,3371ab93-f4dd-410d-bf67-4732ec05fc05,function_execution_time,1773615214.66016,0.00013275
experiment_name,3371ab93-f4dd-410d-bf67-4732ec05fc05,function_execution_time,1773615214.660419,0.000083375
experiment_name,3b1f633f-aa42-4675-a93a-21a1b7aa14d0,function_execution_time,1773615214.663964,0.000107583
experiment_name,3b1f633f-aa42-4675-a93a-21a1b7aa14d0,function_execution_time,1773615214.664271,0.000151209
experiment_name,c8f36955-3a57-482e-b42d-6ed024c7d034,function_execution_time,1773615214.660272,0.000094
experiment_name,c8f36955-3a57-482e-b42d-6ed024c7d034,function_execution_time,1773615214.660425,0.00011225
experiment_name,c8f36955-3a57-482e-b42d-6ed024c7d034,function_execution_time,1773615214.662206,0.000309583
experiment_name,c8f36955-3a57-482e-b42d-6ed024c7d034,function_execution_time,1773615214.662413,0.00017075
experiment_name,c8f36955-3a57-482e-b42d-6ed024c7d034,function_execution_time,1773615214.662601,0.000163167
experiment_name,c8f36955-3a57-482e-b42d-6ed024c7d034,function_execution_time,1773615214.66406,0.000074
experiment_name,c8f36955-3a57-482e-b42d-6ed024c7d034,function_execution_time,1773615214.664156,0.000096542
experiment_name,c8f36955-3a57-482e-b42d-6ed024c7d034,function_execution_time,1773615214.664708,0.000069542
experiment_name,c8f36955-3a57-482e-b42d-6ed024c7d034,function_execution_time,1773615214.66619,0.000206083
experiment_name,c8f36955-3a57-482e-b42d-6ed024c7d034,function_execution_time,1773615214.667223,0.000078875
experiment_name,fcfb87c4-4d9e-4502-9d7e-983fbac26d57,function_execution_time,1773615214.663972,0.000173209
experiment_name,fcfb87c4-4d9e-4502-9d7e-983fbac26d57,function_execution_time,1773615214.664281,0.000075625
experiment_name,db4bcaef-abda-4788-94bf-37f95c6026b4,function_execution_time,1773615214.666364,0.000143333
experiment_name,68d7048a-7004-47c3-a3b0-3d68dac67d7f,function_execution_time,1773615214.669973,0.000272834
experiment_name,48735aeb-22cf-4123-a681-c092f56419a9,function_execution_time,1773615214.665937,0.000192958
experiment_name,48735aeb-22cf-4123-a681-c092f56419a9,function_execution_time,1773615214.66624,0.000166708
experiment_name,a74596e4-26a0-4c35-bde2-6ddab0f82f44,function_execution_time,1773615214.667117,0.000058917
experiment_name,49fcd0a3-acce-49a9-af48-a9be0ef2c6ba,function_execution_time,1773615214.661882,0.00010675
experiment_name,49fcd0a3-acce-49a9-af48-a9be0ef2c6ba,function_execution_time,1773615214.662578,0.000164041
experiment_name,68d7048a-7004-47c3-a3b0-3d68dac67d7f,function_transfer_time,1773615214.669696,0.000236
experiment_name,e3133e79-ca22-4c3c-8a4f-80b364a7a502,function_transfer_time,1773615214.661827,0.000035
experiment_name,e3133e79-ca22-4c3c-8a4f-80b364a7a502,function_transfer_time,1773615214.662217,0.00011
experiment_name,3371ab93-f4dd-410d-bf67-4732ec05fc05,function_transfer_time,1773615214.660103,0.000066
experiment_name,3371ab93-f4dd-410d-bf67-4732ec05fc05,function_transfer_time,1773615214.660292,0.000046
experiment_name,49fcd0a3-acce-49a9-af48-a9be0ef2c6ba,function_transfer_time,1773615214.661806,0.000028
experiment_name,49fcd0a3-acce-49a9-af48-a9be0ef2c6ba,function_transfer_time,1773615214.66241,0.000045
experiment_name,3b1f633f-aa42-4675-a93a-21a1b7aa14d0,function_transfer_time,1773615214.663851,0.000031
experiment_name,3b1f633f-aa42-4675-a93a-21a1b7aa14d0,function_transfer_time,1773615214.664076,0.00005
experiment_name,db4bcaef-abda-4788-94bf-37f95c6026b4,function_transfer_time,1773615214.666229,0.000045
experiment_name,a74596e4-26a0-4c35-bde2-6ddab0f82f44,function_transfer_time,1773615214.666898,0.000565
experiment_name,192df0c6-b9d1-4027-aff2-079636886e26,function_transfer_time,1773615214.660127,0.000069
experiment_name,192df0c6-b9d1-4027-aff2-079636886e26,function_transfer_time,1773615214.660469,0.000089
experiment_name,8349b552-cb78-480e-ba2d-df064d58e6c0,function_transfer_time,1773615214.666913,0.000042
experiment_name,8349b552-cb78-480e-ba2d-df064d58e6c0,function_transfer_time,1773615214.667249,0.000054
experiment_name,66e56bc1-a512-442e-bcde-b12fa5dcc6ca,function_transfer_time,1773615214.664594,0.000028
experiment_name,66e56bc1-a512-442e-bcde-b12fa5dcc6ca,function_transfer_time,1773615214.664713,0.000034
experiment_name,eda8e655-da64-4ca3-b800-4da4862955e0,function_transfer_time,1773615214.661903,0.000044
experiment_name,eda8e655-da64-4ca3-b800-4da4862955e0,function_transfer_time,1773615214.662609,0.000068
experiment_name,fcfb87c4-4d9e-4502-9d7e-983fbac26d57,function_transfer_time,1773615214.663777,0.000037
experiment_name,fcfb87c4-4d9e-4502-9d7e-983fbac26d57,function_transfer_time,1773615214.664213,0.000071
experiment_name,c8f36955-3a57-482e-b42d-6ed024c7d034,function_transfer_time,1773615214.660181,0.00007
experiment_name,c8f36955-3a57-482e-b42d-6ed024c7d034,function_transfer_time,1773615214.660286,0.000092
experiment_name,c8f36955-3a57-482e-b42d-6ed024c7d034,function_transfer_time,1773615214.6619,0.000047
experiment_name,c8f36955-3a57-482e-b42d-6ed024c7d034,function_transfer_time,1773615214.662223,0.000387
experiment_name,c8f36955-3a57-482e-b42d-6ed024c7d034,function_transfer_time,1773615214.662418,0.000454
experiment_name,c8f36955-3a57-482e-b42d-6ed024c7d034,function_transfer_time,1773615214.663981,0.000056
experiment_name,c8f36955-3a57-482e-b42d-6ed024c7d034,function_transfer_time,1773615214.66407,0.000133
experiment_name,c8f36955-3a57-482e-b42d-6ed024c7d034,function_transfer_time,1773615214.66464,0.000031
experiment_name,c8f36955-3a57-482e-b42d-6ed024c7d034,function_transfer_time,1773615214.665908,0.000036
experiment_name,c8f36955-3a57-482e-b42d-6ed024c7d034,function_transfer_time,1773615214.667143,0.000125
experiment_name,48735aeb-22cf-4123-a681-c092f56419a9,function_transfer_time,1773615214.665737,0.000124
experiment_name,48735aeb-22cf-4123-a681-c092f56419a9,function_transfer_time,1773615214.666088,0.00004
experiment_name,0f5b6854-f912-41a1-baa5-65a0787b6252,function_instantiate_time,1773615214.682901,3.389414167
experiment_name,eb840dda-490d-4769-86be-53d0aacf7303,function_instantiate_time,1773615214.686493,3.4085405
experiment_name,3a47c98b-b4f4-42ef-8bc8-067f6447fbe9,function_instantiate_time,1773615214.684549,3.3934385000000002
experiment_name,46a7af08-afc8-40f0-bdc1-4c0ba6db3eda,function_instantiate_time,1773615214.683123,3.385100292
experiment_name,0b747892-a253-43bf-8120-cf878b214985,function_instantiate_time,1773615214.680451,3.363102208
experiment_name,a4b6fca0-7c26-4976-9297-90b9f7244a07,function_instantiate_time,1773615214.680197,3.35986875
experiment_name,d62c912b-1217-4d8e-914c-223d59341a1a,function_instantiate_time,1773615214.695895,3.471801666
experiment_name,e6d04f19-287d-4681-a7a3-1a5163846bff,function_instantiate_time,1773615214.686936,3.4062615
experiment_name,2ea69cbe-b638-4c74-aaa5-403cec25bafc,function_instantiate_time,1773615214.677098,3.152088875
experiment_name,8a75d463-6c1e-4e1f-b0b0-d74cf62a7535,function_instantiate_time,1773615214.689757,3.425400834
experiment_name,e1fd27f3-6165-4599-897a-61288efd89ea,function_instantiate_time,1773615214.684068,3.38328925
experiment_name,46c50794-b3d5-42f8-8506-858be038be5a,function_instantiate_time,1773615214.676689,3.148252
experiment_name,721ff2ef-4c2f-4fb1-8dd6-3be8c423059d,function_instantiate_time,1773615214.696736,3.475439916
experiment_name,c7fa1d6b-02de-4b4c-9513-4a7febca1cd9,function_instantiate_time,1773615214.676741,3.145701459
experiment_name,d9464bbc-744a-43e1-9220-ea2192a39117,function_instantiate_time,1773615214.688664,3.4191339579999998
experiment_name,8e6a0849-6efd-4483-9af4-8c615673a281,function_instantiate_time,1773615214.68824,3.415640833
experiment_name,c7a720ce-3c76-4cfe-b87f-d9181a028359,function_instantiate_time,1773615214.695525,3.496102708
experiment_name,a2a6d45b-605e-400d-963e-93e72a6eaa4f,function_instantiate_time,1773615214.673,3.1335055
experiment_name,f40b902c-ab6c-4aaa-8570-ed0a0d07b64a,function_instantiate_time,1773615214.696375,3.488896541
experiment_name,0d140124-5906-49b5-9b90-6e1a3365e192,function_instantiate_time,1773615214.677333,3.3485764160000002
experiment_name,afadc91a-4b97-4d10-af36-c0e13b232de7,function_instantiate_time,1773615214.676937,3.158047916
experiment_name,b3f036fd-fab3-4528-b50f-d96082b72426,function_instantiate_time,1773615214.694675,3.435993375
experiment_name,11c708bd-8200-49d7-bd8f-43964f9ed83c,function_instantiate_time,1773615214.679661,3.356456458
experiment_name,b5298763-5570-45b5-8bfe-eea6577d43f7,function_instantiate_time,1773615214.677702,3.15586125
experiment_name,f9400c74-9472-4ba3-ba64-c7ec4f5d91a2,function_instantiate_time,1773615214.688306,3.413090458
experiment_name,309f59cf-1292-4251-9ffb-b7cdcdbd343e,function_instantiate_time,1773615214.689413,3.423022709
experiment_name,55c24114-ca87-4b50-8907-e761852d4ec3,function_instantiate_time,1773615214.694673,3.45209275
experiment_name,3e20a520-2bfe-4fed-8e21-6f18f3f91372,function_instantiate_time,1773615214.69179,3.438232083
experiment_name,bfa6e121-f062-4ed5-81a8-364c1760626d,function_instantiate_time,1773615214.690754,3.427893875
experiment_name,edc158fd-4761-486c-bf0b-b5d7dff70358,function_instantiate_time,1773615214.685098,3.3991898750000002
experiment_name,634a696f-bd8a-4627-9aeb-bbc38d5f67f0,function_instantiate_time,1773615214.684785,3.396101792
experiment_name,ad0480ec-c996-484a-a74e-f0bc1a0d73db,function_instantiate_time,1773615214.678223,3.162210042
experiment_name,3b8b1f74-1d7b-4e8a-b85b-98192a9dfe47,function_instantiate_time,1773615214.691923,3.436130166
experiment_name,b7c730db-0c60-496e-acbd-34920865e0cd,function_instantiate_time,1773615214.682664,3.3866164579999998
experiment_name,2383c657-6998-4692-ade5-1f0a9c7bb62f,function_instantiate_time,1773615214.695605,3.453167041
experiment_name,a4cc96f1-cf4a-433f-87f7-9aadad4db05a,function_instantiate_time,1773615214.694653,3.441833083
experiment_name,96583a98-bea5-49ec-8992-5ac17acc1d93,function_instantiate_time,1773615214.674348,3.137674625
experiment_name,2a2b5e32-a0a3-4dc5-9790-e1af61f10753,function_instantiate_time,1773615214.679135,3.353188333
experiment_name,8e208e39-ae8c-41e8-9330-b2a544dd2c7f,function_instantiate_time,1773615214.690699,3.429764791
experiment_name,e2369418-bf03-4d43-8275-a2d3c504ad6d,function_instantiate_time,1773615214.681627,3.367892542
experiment_name,35f227c3-4c2e-4f55-933a-fb2852af2f0e,function_instantiate_time,1773615214.686814,3.40356425
experiment_name,a686e4a6-1bc6-41d0-93f6-c07fc900854d,function_instantiate_time,1773615214.674725,3.140906583
experiment_name,3a47c98b-b4f4-42ef-8bc8-067f6447fbe9,function_init_time,1773615214.684552,0.0000395
experiment_name,46a7af08-afc8-40f0-bdc1-4c0ba6db3eda,function_init_time,1773615214.683175,0.000043208
experiment_name,b5298763-5570-45b5-8bfe-eea6577d43f7,function_init_time,1773615214.677725,0.00004625
experiment_name,a686e4a6-1bc6-41d0-93f6-c07fc900854d,function_init_time,1773615214.674774,0.000048917
experiment_name,b7c730db-0c60-496e-acbd-34920865e0cd,function_init_time,1773615214.682667,0.000044625
experiment_name,2ea69cbe-b638-4c74-aaa5-403cec25bafc,function_init_time,1773615214.677141,0.000050417
experiment_name,a2a6d45b-605e-400d-963e-93e72a6eaa4f,function_init_time,1773615214.673006,0.000076083
experiment_name,35f227c3-4c2e-4f55-933a-fb2852af2f0e,function_init_time,1773615214.686895,0.000042084
experiment_name,bfa6e121-f062-4ed5-81a8-364c1760626d,function_init_time,1773615214.690781,0.00004025
experiment_name,2a2b5e32-a0a3-4dc5-9790-e1af61f10753,function_init_time,1773615214.679138,0.000037292
experiment_name,309f59cf-1292-4251-9ffb-b7cdcdbd343e,function_init_time,1773615214.689415,0.000035834
experiment_name,0d140124-5906-49b5-9b90-6e1a3365e192,function_init_time,1773615214.677375,0.00005725
experiment_name,8a929fae-4a12-4bbc-a34a-502ff18b8087,function_init_time,1773615214.670192,0.000101542
experiment_name,2383c657-6998-4692-ade5-1f0a9c7bb62f,function_init_time,1773615214.695649,0.000043708
experiment_name,96583a98-bea5-49ec-8992-5ac17acc1d93,function_init_time,1773615214.674486,0.000133166
experiment_name,ad0480ec-c996-484a-a74e-f0bc1a0d73db,function_init_time,1773615214.678258,0.000038417
experiment_name,a4cc96f1-cf4a-433f-87f7-9aadad4db05a,function_init_time,1773615214.694657,0.000042417
experiment_name,a4b6fca0-7c26-4976-9297-90b9f7244a07,function_init_time,1773615214.6802,0.000037583
experiment_name,e6d04f19-287d-4681-a7a3-1a5163846bff,function_init_time,1773615214.68701,0.000042125
experiment_name,f40b902c-ab6c-4aaa-8570-ed0a0d07b64a,function_init_time,1773615214.696396,0.000027334
experiment_name,eb840dda-490d-4769-86be-53d0aacf7303,function_init_time,1773615214.686496,0.000039708
experiment_name,3e20a520-2bfe-4fed-8e21-6f18f3f91372,function_init_time,1773615214.691792,0.000036667
experiment_name,edc158fd-4761-486c-bf0b-b5d7dff70358,function_init_time,1773615214.685127,0.00004375
experiment_name,e2369418-bf03-4d43-8275-a2d3c504ad6d,function_init_time,1773615214.68163,0.000040042
experiment_name,e1fd27f3-6165-4599-897a-61288efd89ea,function_init_time,1773615214.68407,0.000035542
experiment_name,b3f036fd-fab3-4528-b50f-d96082b72426,function_init_time,1773615214.694678,0.000041166
experiment_name,55c24114-ca87-4b50-8907-e761852d4ec3,function_init_time,1773615214.694864,0.000248208
experiment_name,f9400c74-9472-4ba3-ba64-c7ec4f5d91a2,function_init_time,1773615214.688377,0.000038
experiment_name,3b8b1f74-1d7b-4e8a-b85b-98192a9dfe47,function_init_time,1773615214.691967,0.000039792
experiment_name,afadc91a-4b97-4d10-af36-c0e13b232de7,function_init_time,1773615214.676939,0.00003925
experiment_name,721ff2ef-4c2f-4fb1-8dd6-3be8c423059d,function_init_time,1773615214.696784,0.000041416
experiment_name,46c50794-b3d5-42f8-8506-858be038be5a,function_init_time,1773615214.676699,0.000112459
experiment_name,0f5b6854-f912-41a1-baa5-65a0787b6252,function_init_time,1773615214.682906,0.000042125
experiment_name,c7a720ce-3c76-4cfe-b87f-d9181a028359,function_init_time,1773615214.695565,0.000037667
experiment_name,d9464bbc-744a-43e1-9220-ea2192a39117,function_init_time,1773615214.688681,0.000054208
experiment_name,634a696f-bd8a-4627-9aeb-bbc38d5f67f0,function_init_time,1773615214.6848,0.000041084
experiment_name,c7fa1d6b-02de-4b4c-9513-4a7febca1cd9,function_init_time,1773615214.676839,0.0000875
experiment_name,0b747892-a253-43bf-8120-cf878b214985,function_init_time,1773615214.680507,0.000039
experiment_name,8e6a0849-6efd-4483-9af4-8c615673a281,function_init_time,1773615214.688248,0.000106125
experiment_name,d62c912b-1217-4d8e-914c-223d59341a1a,function_init_time,1773615214.696102,0.000193833
experiment_name,8e208e39-ae8c-41e8-9330-b2a544dd2c7f,function_init_time,1773615214.690701,0.000036625
experiment_name,8a75d463-6c1e-4e1f-b0b0-d74cf62a7535,function_init_time,1773615214.68979,0.000036709
experiment_name,11c708bd-8200-49d7-bd8f-43964f9ed83c,function_init_time,1773615214.679707,0.000044542
experiment_name,8e6a0849-6efd-4483-9af4-8c615673a281,function_execution_time,1773615214.68851,0.000061125
experiment_name,8e6a0849-6efd-4483-9af4-8c615673a281,function_execution_time,1773615214.688672,0.000100708
experiment_name,a4b6fca0-7c26-4976-9297-90b9f7244a07,function_execution_time,1773615214.680337,0.000059959
experiment_name,a4b6fca0-7c26-4976-9297-90b9f7244a07,function_execution_time,1773615214.680547,0.000048875
experiment_name,8a75d463-6c1e-4e1f-b0b0-d74cf62a7535,function_execution_time,1773615214.690037,0.000192041
experiment_name,8a75d463-6c1e-4e1f-b0b0-d74cf62a7535,function_execution_time,1773615214.690453,0.000110334
experiment_name,3b8b1f74-1d7b-4e8a-b85b-98192a9dfe47,function_execution_time,1773615214.692093,0.000065667
experiment_name,3b8b1f74-1d7b-4e8a-b85b-98192a9dfe47,function_execution_time,1773615214.692315,0.000050166
experiment_name,c7a720ce-3c76-4cfe-b87f-d9181a028359,function_execution_time,1773615214.695703,0.000086209
experiment_name,55c24114-ca87-4b50-8907-e761852d4ec3,function_execution_time,1773615214.695068,0.000137125
experiment_name,55c24114-ca87-4b50-8907-e761852d4ec3,function_execution_time,1773615214.695514,0.00009025
experiment_name,11c708bd-8200-49d7-bd8f-43964f9ed83c,function_execution_time,1773615214.679811,0.00006125
experiment_name,11c708bd-8200-49d7-bd8f-43964f9ed83c,function_execution_time,1773615214.679987,0.00005375
experiment_name,d62c912b-1217-4d8e-914c-223d59341a1a,function_execution_time,1773615214.696265,0.000147416
experiment_name,d62c912b-1217-4d8e-914c-223d59341a1a,function_execution_time,1773615214.696553,0.000138625
experiment_name,edc158fd-4761-486c-bf0b-b5d7dff70358,function_execution_time,1773615214.685207,0.000061208
experiment_name,edc158fd-4761-486c-bf0b-b5d7dff70358,function_execution_time,1773615214.685413,0.0000495
experiment_name,d9464bbc-744a-43e1-9220-ea2192a39117,function_execution_time,1773615214.688777,0.000067333
experiment_name,d9464bbc-744a-43e1-9220-ea2192a39117,function_execution_time,1773615214.688981,0.000105458
experiment_name,a4cc96f1-cf4a-433f-87f7-9aadad4db05a,function_execution_time,1773615214.695056,0.000280875
experiment_name,a4cc96f1-cf4a-433f-87f7-9aadad4db05a,function_execution_time,1773615214.695398,0.000053291
experiment_name,e6d04f19-287d-4681-a7a3-1a5163846bff,function_execution_time,1773615214.687187,0.000080875
experiment_name,e6d04f19-287d-4681-a7a3-1a5163846bff,function_execution_time,1773615214.687516,0.000105292
experiment_name,96583a98-bea5-49ec-8992-5ac17acc1d93,function_execution_time,1773615214.674616,0.000092333
experiment_name,96583a98-bea5-49ec-8992-5ac17acc1d93,function_execution_time,1773615214.674866,0.000064083
experiment_name,b3f036fd-fab3-4528-b50f-d96082b72426,function_execution_time,1773615214.69504,0.00021725
experiment_name,b3f036fd-fab3-4528-b50f-d96082b72426,function_execution_time,1773615214.695359,0.000047125
experiment_name,afadc91a-4b97-4d10-af36-c0e13b232de7,function_execution_time,1773615214.678504,0.000104417
experiment_name,f40b902c-ab6c-4aaa-8570-ed0a0d07b64a,function_execution_time,1773615214.696491,0.000104666
experiment_name,e1fd27f3-6165-4599-897a-61288efd89ea,function_execution_time,1773615214.684182,0.000061959
experiment_name,e1fd27f3-6165-4599-897a-61288efd89ea,function_execution_time,1773615214.684372,0.000053416
experiment_name,46a7af08-afc8-40f0-bdc1-4c0ba6db3eda,function_execution_time,1773615214.683265,0.000062833
experiment_name,46a7af08-afc8-40f0-bdc1-4c0ba6db3eda,function_execution_time,1773615214.683541,0.00015375
experiment_name,8ab1a44a-5821-499f-9f5b-81d8d69c3b06,function_execution_time,1773615214.670242,0.000139458
experiment_name,8ab1a44a-5821-499f-9f5b-81d8d69c3b06,function_execution_time,1773615214.670744,0.000281917
experiment_name,8ab1a44a-5821-499f-9f5b-81d8d69c3b06,function_execution_time,1773615214.67076,0.00018575
experiment_name,8ab1a44a-5821-499f-9f5b-81d8d69c3b06,function_execution_time,1773615214.674302,0.000239833
experiment_name,8ab1a44a-5821-499f-9f5b-81d8d69c3b06,function_execution_time,1773615214.674758,0.000121083
experiment_name,8ab1a44a-5821-499f-9f5b-81d8d69c3b06,function_execution_time,1773615214.674967,0.000066042
experiment_name,8ab1a44a-5821-499f-9f5b-81d8d69c3b06,function_execution_time,1773615214.677105,0.000088458
experiment_name,8ab1a44a-5821-499f-9f5b-81d8d69c3b06,function_execution_time,1773615214.677189,0.000079917
experiment_name,8ab1a44a-5821-499f-9f5b-81d8d69c3b06,function_execution_time,1773615214.677705,0.000182417
experiment_name,8ab1a44a-5821-499f-9f5b-81d8d69c3b06,function_execution_time,1773615214.678052,0.000173791
experiment_name,68d7048a-7004-47c3-a3b0-3d68dac67d7f,function_execution_time,1773615214.670741,0.000204958
experiment_name,f9400c74-9472-4ba3-ba64-c7ec4f5d91a2,function_execution_time,1773615214.688523,0.000087666
experiment_name,f9400c74-9472-4ba3-ba64-c7ec4f5d91a2,function_execution_time,1773615214.688757,0.000063959
experiment_name,2a2b5e32-a0a3-4dc5-9790-e1af61f10753,function_execution_time,1773615214.679256,0.000061209
experiment_name,2a2b5e32-a0a3-4dc5-9790-e1af61f10753,function_execution_time,1773615214.679506,0.00005525
experiment_name,8a929fae-4a12-4bbc-a34a-502ff18b8087,function_execution_time,1773615214.670734,0.000226584
experiment_name,8a929fae-4a12-4bbc-a34a-502ff18b8087,function_execution_time,1773615214.670887,0.000077833
experiment_name,2a7150f7-d3f8-453d-a252-ad1991266e9d,function_execution_time,1773615214.670258,0.00019825
experiment_name,2a7150f7-d3f8-453d-a252-ad1991266e9d,function_execution_time,1773615214.670763,0.00018725
experiment_name,309f59cf-1292-4251-9ffb-b7cdcdbd343e,function_execution_time,1773615214.689518,0.000054417
experiment_name,309f59cf-1292-4251-9ffb-b7cdcdbd343e,function_execution_time,1773615214.6897,0.000045959
experiment_name,eb840dda-490d-4769-86be-53d0aacf7303,function_execution_time,1773615214.686604,0.000057833
experiment_name,eb840dda-490d-4769-86be-53d0aacf7303,function_execution_time,1773615214.686806,0.000065458
experiment_name,e2369418-bf03-4d43-8275-a2d3c504ad6d,function_execution_time,1773615214.681744,0.000059208
experiment_name,e2369418-bf03-4d43-8275-a2d3c504ad6d,function_execution_time,1773615214.681948,0.000058333
experiment_name,35f227c3-4c2e-4f55-933a-fb2852af2f0e,function_execution_time,1773615214.687268,0.000267417
experiment_name,35f227c3-4c2e-4f55-933a-fb2852af2f0e,function_execution_time,1773615214.687436,0.000086167
experiment_name,2383c657-6998-4692-ade5-1f0a9c7bb62f,function_execution_time,1773615214.695719,0.000062334
experiment_name,2383c657-6998-4692-ade5-1f0a9c7bb62f,function_execution_time,1773615214.696126,0.000184541
experiment_name,3e20a520-2bfe-4fed-8e21-6f18f3f91372,function_execution_time,1773615214.691918,0.000078334
experiment_name,3e20a520-2bfe-4fed-8e21-6f18f3f91372,function_execution_time,1773615214.692098,0.000061625
experiment_name,a2a6d45b-605e-400d-963e-93e72a6eaa4f,function_execution_time,1773615214.674083,0.00023175
experiment_name,a2a6d45b-605e-400d-963e-93e72a6eaa4f,function_execution_time,1773615214.674435,0.000180417
experiment_name,634a696f-bd8a-4627-9aeb-bbc38d5f67f0,function_execution_time,1773615214.684918,0.000076
experiment_name,634a696f-bd8a-4627-9aeb-bbc38d5f67f0,function_execution_time,1773615214.685101,0.000063625
experiment_name,0b747892-a253-43bf-8120-cf878b214985,function_execution_time,1773615214.68062,0.000056666
experiment_name,0b747892-a253-43bf-8120-cf878b214985,function_execution_time,1773615214.680935,0.000148541
experiment_name,ad0480ec-c996-484a-a74e-f0bc1a0d73db,function_execution_time,1773615214.678374,0.000079833
experiment_name,0f5b6854-f912-41a1-baa5-65a0787b6252,function_execution_time,1773615214.683046,0.000076167
experiment_name,0f5b6854-f912-41a1-baa5-65a0787b6252,function_execution_time,1773615214.683212,0.000063292
experiment_name,c7fa1d6b-02de-4b4c-9513-4a7febca1cd9,function_execution_time,1773615214.677031,0.000063042
experiment_name,c7fa1d6b-02de-4b4c-9513-4a7febca1cd9,function_execution_time,1773615214.67734,0.000121458
experiment_name,b7c730db-0c60-496e-acbd-34920865e0cd,function_execution_time,1773615214.682778,0.000058375
experiment_name,b7c730db-0c60-496e-acbd-34920865e0cd,function_execution_time,1773615214.683038,0.000073208
experiment_name,a686e4a6-1bc6-41d0-93f6-c07fc900854d,function_execution_time,1773615214.674881,0.000076041
experiment_name,a686e4a6-1bc6-41d0-93f6-c07fc900854d,function_execution_time,1773615214.675042,0.000048958
experiment_name,0d140124-5906-49b5-9b90-6e1a3365e192,function_execution_time,1773615214.679373,0.000069167
experiment_name,0d140124-5906-49b5-9b90-6e1a3365e192,function_execution_time,1773615214.679897,0.000067958
experiment_name,0d140124-5906-49b5-9b90-6e1a3365e192,function_execution_time,1773615214.680448,0.000076542
experiment_name,0d140124-5906-49b5-9b90-6e1a3365e192,function_execution_time,1773615214.680698,0.0000645
experiment_name,0d140124-5906-49b5-9b90-6e1a3365e192,function_execution_time,1773615214.681848,0.000066083
experiment_name,0d140124-5906-49b5-9b90-6e1a3365e192,function_execution_time,1773615214.682904,0.000085917
experiment_name,0d140124-5906-49b5-9b90-6e1a3365e192,function_execution_time,1773615214.68312,0.000076125
experiment_name,0d140124-5906-49b5-9b90-6e1a3365e192,function_execution_time,1773615214.683345,0.000065875
experiment_name,0d140124-5906-49b5-9b90-6e1a3365e192,function_execution_time,1773615214.684279,0.000061
experiment_name,0d140124-5906-49b5-9b90-6e1a3365e192,function_execution_time,1773615214.684787,0.000078833
experiment_name,0d140124-5906-49b5-9b90-6e1a3365e192,function_execution_time,1773615214.68503,0.000068541
experiment_name,0d140124-5906-49b5-9b90-6e1a3365e192,function_execution_time,1773615214.685327,0.000069875
experiment_name,0d140124-5906-49b5-9b90-6e1a3365e192,function_execution_time,1773615214.686701,0.000062416
experiment_name,0d140124-5906-49b5-9b90-6e1a3365e192,function_execution_time,1773615214.687281,0.000081667
experiment_name,0d140124-5906-49b5-9b90-6e1a3365e192,function_execution_time,1773615214.687422,0.000109417
experiment_name,0d140124-5906-49b5-9b90-6e1a3365e192,function_execution_time,1773615214.688528,0.000081791
experiment_name,0d140124-5906-49b5-9b90-6e1a3365e192,function_execution_time,1773615214.688689,0.000125125
experiment_name,0d140124-5906-49b5-9b90-6e1a3365e192,function_execution_time,1773615214.688858,0.000065792
experiment_name,0d140124-5906-49b5-9b90-6e1a3365e192,function_execution_time,1773615214.689616,0.000063125
experiment_name,0d140124-5906-49b5-9b90-6e1a3365e192,function_execution_time,1773615214.690232,0.000161667
experiment_name,0d140124-5906-49b5-9b90-6e1a3365e192,function_execution_time,1773615214.690905,0.000070541
experiment_name,0d140124-5906-49b5-9b90-6e1a3365e192,function_execution_time,1773615214.690988,0.000067041
experiment_name,0d140124-5906-49b5-9b90-6e1a3365e192,function_execution_time,1773615214.692083,0.000063417
experiment_name,0d140124-5906-49b5-9b90-6e1a3365e192,function_execution_time,1773615214.692198,0.000069167
experiment_name,0d140124-5906-49b5-9b90-6e1a3365e192,function_execution_time,1773615214.695126,0.000065334
experiment_name,0d140124-5906-49b5-9b90-6e1a3365e192,function_execution_time,1773615214.69518,0.000060583
experiment_name,0d140124-5906-49b5-9b90-6e1a3365e192,function_execution_time,1773615214.695344,0.000058917
experiment_name,0d140124-5906-49b5-9b90-6e1a3365e192,function_execution_time,1773615214.695985,0.00020975
experiment_name,0d140124-5906-49b5-9b90-6e1a3365e192,function_execution_time,1773615214.696448,0.000185959
experiment_name,0d140124-5906-49b5-9b90-6e1a3365e192,function_execution_time,1773615214.696962,0.00006375
experiment_name,bfa6e121-f062-4ed5-81a8-364c1760626d,function_execution_time,1773615214.690893,0.000063042
experiment_name,bfa6e121-f062-4ed5-81a8-364c1760626d,function_execution_time,1773615214.69107,0.000050416
experiment_name,8e208e39-ae8c-41e8-9330-b2a544dd2c7f,function_execution_time,1773615214.690879,0.000064666
experiment_name,8e208e39-ae8c-41e8-9330-b2a544dd2c7f,function_execution_time,1773615214.690997,0.000056834
experiment_name,721ff2ef-4c2f-4fb1-8dd6-3be8c423059d,function_execution_time,1773615214.696879,0.000059916
experiment_name,721ff2ef-4c2f-4fb1-8dd6-3be8c423059d,function_execution_time,1773615214.69706,0.000048541
experiment_name,b5298763-5570-45b5-8bfe-eea6577d43f7,function_execution_time,1773615214.677848,0.000105375
experiment_name,b5298763-5570-45b5-8bfe-eea6577d43f7,function_execution_time,1773615214.678188,0.000123208
experiment_name,46c50794-b3d5-42f8-8506-858be038be5a,function_execution_time,1773615214.676955,0.000071291
experiment_name,46c50794-b3d5-42f8-8506-858be038be5a,function_execution_time,1773615214.677275,0.000090083
experiment_name,2ea69cbe-b638-4c74-aaa5-403cec25bafc,function_execution_time,1773615214.677532,0.000304334
experiment_name,2ea69cbe-b638-4c74-aaa5-403cec25bafc,function_execution_time,1773615214.67792,0.000186708
experiment_name,3a47c98b-b4f4-42ef-8bc8-067f6447fbe9,function_execution_time,1773615214.684666,0.000060125
experiment_name,3a47c98b-b4f4-42ef-8bc8-067f6447fbe9,function_execution_time,1773615214.684911,0.000071042
experiment_name,3371ab93-f4dd-410d-bf67-4732ec05fc05,function_stop_time,1773615214.738229,0.000015708
experiment_name,eda8e655-da64-4ca3-b800-4da4862955e0,function_stop_time,1773615214.69945,0.000025208
experiment_name,2383c657-6998-4692-ade5-1f0a9c7bb62f,function_stop_time,1773615214.721929,0.000015458
experiment_name,3e20a520-2bfe-4fed-8e21-6f18f3f91372,function_stop_time,1773615214.737302,0.000017916
experiment_name,a74596e4-26a0-4c35-bde2-6ddab0f82f44,function_stop_time,1773615214.739542,0.000023541
experiment_name,96583a98-bea5-49ec-8992-5ac17acc1d93,function_stop_time,1773615214.741728,0.000015167
experiment_name,bfa6e121-f062-4ed5-81a8-364c1760626d,function_stop_time,1773615214.708825,0.000017583
experiment_name,35f227c3-4c2e-4f55-933a-fb2852af2f0e,function_stop_time,1773615214.729008,0.00002425
experiment_name,8a75d463-6c1e-4e1f-b0b0-d74cf62a7535,function_stop_time,1773615214.741204,0.000014667
experiment_name,d9464bbc-744a-43e1-9220-ea2192a39117,function_stop_time,1773615214.739817,0.000014792
experiment_name,e6d04f19-287d-4681-a7a3-1a5163846bff,function_stop_time,1773615214.702265,0.000019666
experiment_name,2ea69cbe-b638-4c74-aaa5-403cec25bafc,function_stop_time,1773615214.712458,0.000018
experiment_name,3b1f633f-aa42-4675-a93a-21a1b7aa14d0,function_stop_time,1773615214.726495,0.000016375
experiment_name,a4cc96f1-cf4a-433f-87f7-9aadad4db05a,function_stop_time,1773615214.720043,0.000018041
experiment_name,fcfb87c4-4d9e-4502-9d7e-983fbac26d57,function_stop_time,1773615214.716961,0.000017917
experiment_name,46c50794-b3d5-42f8-8506-858be038be5a,function_stop_time,1773615214.730641,0.000014875
experiment_name,48735aeb-22cf-4123-a681-c092f56419a9,function_stop_time,1773615214.734474,0.000016458
experiment_name,3b8b1f74-1d7b-4e8a-b85b-98192a9dfe47,function_stop_time,1773615214.735164,0.000014958
experiment_name,eb840dda-490d-4769-86be-53d0aacf7303,function_stop_time,1773615214.704909,0.0000185
experiment_name,c8f36955-3a57-482e-b42d-6ed024c7d034,function_stop_time,1773615214.742003,0.000040125
experiment_name,0f5b6854-f912-41a1-baa5-65a0787b6252,function_stop_time,1773615214.739129,0.000018375
experiment_name,11c708bd-8200-49d7-bd8f-43964f9ed83c,function_stop_time,1773615214.714935,0.000020042
experiment_name,c7fa1d6b-02de-4b4c-9513-4a7febca1cd9,function_stop_time,1773615214.742439,0.000015125
experiment_name,192df0c6-b9d1-4027-aff2-079636886e26,function_stop_time,1773615214.713638,0.000017334
experiment_name,8349b552-cb78-480e-ba2d-df064d58e6c0,function_stop_time,1773615214.709944,0.000015625
experiment_name,afadc91a-4b97-4d10-af36-c0e13b232de7,function_stop_time,1773615214.733307,0.00002225
experiment_name,b3f036fd-fab3-4528-b50f-d96082b72426,function_stop_time,1773615214.719122,0.000015375
experiment_name,634a696f-bd8a-4627-9aeb-bbc38d5f67f0,function_stop_time,1773615214.703578,0.000025084
experiment_name,d62c912b-1217-4d8e-914c-223d59341a1a,function_stop_time,1773615214.731863,0.00001925
experiment_name,2a2b5e32-a0a3-4dc5-9790-e1af61f10753,function_stop_time,1773615214.71125,0.000018083
experiment_name,e3133e79-ca22-4c3c-8a4f-80b364a7a502,function_stop_time,1773615214.740884,0.000019291
experiment_name,f9400c74-9472-4ba3-ba64-c7ec4f5d91a2,function_stop_time,1773615214.736788,0.000015333
experiment_name,8a929fae-4a12-4bbc-a34a-502ff18b8087,function_stop_time,1773615214.736247,0.00001575
experiment_name,49fcd0a3-acce-49a9-af48-a9be0ef2c6ba,function_stop_time,1773615214.732491,0.000019167
experiment_name,f40b902c-ab6c-4aaa-8570-ed0a0d07b64a,function_stop_time,1773615214.73143,0.000020375
experiment_name,e1fd27f3-6165-4599-897a-61288efd89ea,function_stop_time,1773615214.742837,0.000015
experiment_name,8e208e39-ae8c-41e8-9330-b2a544dd2c7f,function_stop_time,1773615214.727441,0.0000185
experiment_name,66e56bc1-a512-442e-bcde-b12fa5dcc6ca,function_stop_time,1773615214.743,0.000015416
experiment_name,8ab1a44a-5821-499f-9f5b-81d8d69c3b06,function_stop_time,1773615214.722816,0.000044166
experiment_name,3a47c98b-b4f4-42ef-8bc8-067f6447fbe9,function_stop_time,1773615214.728215,0.000017334
experiment_name,db4bcaef-abda-4788-94bf-37f95c6026b4,function_stop_time,1773615214.741488,0.0000155
experiment_name,721ff2ef-4c2f-4fb1-8dd6-3be8c423059d,function_stop_time,1773615214.738688,0.000018292
experiment_name,c7a720ce-3c76-4cfe-b87f-d9181a028359,function_stop_time,1773615214.701194,0.00002025
experiment_name,0b747892-a253-43bf-8120-cf878b214985,function_stop_time,1773615214.729867,0.000028708
experiment_name,46a7af08-afc8-40f0-bdc1-4c0ba6db3eda,function_stop_time,1773615214.740184,0.000014875
experiment_name,a686e4a6-1bc6-41d0-93f6-c07fc900854d,function_stop_time,1773615214.723739,0.000016875
experiment_name,309f59cf-1292-4251-9ffb-b7cdcdbd343e,function_stop_time,1773615214.742227,0.000015625
experiment_name,68d7048a-7004-47c3-a3b0-3d68dac67d7f,function_stop_time,1773615214.733792,0.000017958
experiment_name,ad0480ec-c996-484a-a74e-f0bc1a0d73db,function_stop_time,1773615214.716058,0.000015583
experiment_name,b7c730db-0c60-496e-acbd-34920865e0cd,function_stop_time,1773615214.707566,0.000016166
experiment_name,0d140124-5906-49b5-9b90-6e1a3365e192,function_stop_time,1773615214.735744,0.000036458
experiment_name,8e6a0849-6efd-4483-9af4-8c615673a281,function_stop_time,1773615214.740529,0.00001575
experiment_name,a2a6d45b-605e-400d-963e-93e72a6eaa4f,function_stop_time,1773615214.73777,0.000016584
experiment_name,b5298763-5570-45b5-8bfe-eea6577d43f7,function_stop_time,1773615214.725618,0.000022375
experiment_name,e2369418-bf03-4d43-8275-a2d3c504ad6d,function_stop_time,1773615214.724699,0.000017416
experiment_name,55c24114-ca87-4b50-8907-e761852d4ec3,function_stop_time,1773615214.718166,0.000018125
experiment_name,2a7150f7-d3f8-453d-a252-ad1991266e9d,function_stop_time,1773615214.706179,0.000019291
experiment_name,edc158fd-4761-486c-bf0b-b5d7dff70358,function_stop_time,1773615214.742665,0.000016375
experiment_name,a4b6fca0-7c26-4976-9297-90b9f7244a07,function_stop_time,1773615214.720948,0.000016375
experiment_name,d62c912b-1217-4d8e-914c-223d59341a1a,function_transfer_time,1773615214.696135,0.000046
experiment_name,d62c912b-1217-4d8e-914c-223d59341a1a,function_transfer_time,1773615214.696426,0.000041
experiment_name,c7a720ce-3c76-4cfe-b87f-d9181a028359,function_transfer_time,1773615214.695592,0.000028
experiment_name,3b8b1f74-1d7b-4e8a-b85b-98192a9dfe47,function_transfer_time,1773615214.692087,0.000059
experiment_name,3b8b1f74-1d7b-4e8a-b85b-98192a9dfe47,function_transfer_time,1773615214.692312,0.000094
experiment_name,96583a98-bea5-49ec-8992-5ac17acc1d93,function_transfer_time,1773615214.674531,0.000039
experiment_name,96583a98-bea5-49ec-8992-5ac17acc1d93,function_transfer_time,1773615214.674801,0.000066
experiment_name,309f59cf-1292-4251-9ffb-b7cdcdbd343e,function_transfer_time,1773615214.689514,0.000057
experiment_name,309f59cf-1292-4251-9ffb-b7cdcdbd343e,function_transfer_time,1773615214.689697,0.000069
experiment_name,35f227c3-4c2e-4f55-933a-fb2852af2f0e,function_transfer_time,1773615214.687019,0.000116
experiment_name,35f227c3-4c2e-4f55-933a-fb2852af2f0e,function_transfer_time,1773615214.687415,0.000039
experiment_name,f40b902c-ab6c-4aaa-8570-ed0a0d07b64a,function_transfer_time,1773615214.696416,0.000754
experiment_name,3a47c98b-b4f4-42ef-8bc8-067f6447fbe9,function_transfer_time,1773615214.684661,0.000057
experiment_name,3a47c98b-b4f4-42ef-8bc8-067f6447fbe9,function_transfer_time,1773615214.684904,0.000085
experiment_name,e2369418-bf03-4d43-8275-a2d3c504ad6d,function_transfer_time,1773615214.681739,0.000062
experiment_name,e2369418-bf03-4d43-8275-a2d3c504ad6d,function_transfer_time,1773615214.681946,0.000071
experiment_name,3e20a520-2bfe-4fed-8e21-6f18f3f91372,function_transfer_time,1773615214.691914,0.000051
experiment_name,3e20a520-2bfe-4fed-8e21-6f18f3f91372,function_transfer_time,1773615214.692091,0.000052
experiment_name,b3f036fd-fab3-4528-b50f-d96082b72426,function_transfer_time,1773615214.694743,0.000117
experiment_name,b3f036fd-fab3-4528-b50f-d96082b72426,function_transfer_time,1773615214.695353,0.000166
experiment_name,721ff2ef-4c2f-4fb1-8dd6-3be8c423059d,function_transfer_time,1773615214.696823,0.000041
experiment_name,721ff2ef-4c2f-4fb1-8dd6-3be8c423059d,function_transfer_time,1773615214.697004,0.000046
experiment_name,0b747892-a253-43bf-8120-cf878b214985,function_transfer_time,1773615214.680559,0.000082
experiment_name,0b747892-a253-43bf-8120-cf878b214985,function_transfer_time,1773615214.680928,0.000066
experiment_name,2a2b5e32-a0a3-4dc5-9790-e1af61f10753,function_transfer_time,1773615214.679251,0.00006
experiment_name,2a2b5e32-a0a3-4dc5-9790-e1af61f10753,function_transfer_time,1773615214.679496,0.000083
experiment_name,46c50794-b3d5-42f8-8506-858be038be5a,function_transfer_time,1773615214.67693,0.000504
experiment_name,46c50794-b3d5-42f8-8506-858be038be5a,function_transfer_time,1773615214.677186,0.000109
experiment_name,d9464bbc-744a-43e1-9220-ea2192a39117,function_transfer_time,1773615214.688716,0.000047
experiment_name,d9464bbc-744a-43e1-9220-ea2192a39117,function_transfer_time,1773615214.688868,0.000037
experiment_name,edc158fd-4761-486c-bf0b-b5d7dff70358,function_transfer_time,1773615214.685137,0.000023
experiment_name,edc158fd-4761-486c-bf0b-b5d7dff70358,function_transfer_time,1773615214.685378,0.000048
experiment_name,8a75d463-6c1e-4e1f-b0b0-d74cf62a7535,function_transfer_time,1773615214.689825,0.000037
experiment_name,8a75d463-6c1e-4e1f-b0b0-d74cf62a7535,function_transfer_time,1773615214.690446,0.000185
experiment_name,0d140124-5906-49b5-9b90-6e1a3365e192,function_transfer_time,1773615214.679357,0.000051
experiment_name,0d140124-5906-49b5-9b90-6e1a3365e192,function_transfer_time,1773615214.679834,0.000041
experiment_name,0d140124-5906-49b5-9b90-6e1a3365e192,function_transfer_time,1773615214.68044,0.000052
experiment_name,0d140124-5906-49b5-9b90-6e1a3365e192,function_transfer_time,1773615214.680637,0.000033
experiment_name,0d140124-5906-49b5-9b90-6e1a3365e192,function_transfer_time,1773615214.681838,0.00005
experiment_name,0d140124-5906-49b5-9b90-6e1a3365e192,function_transfer_time,1773615214.682891,0.000047
experiment_name,0d140124-5906-49b5-9b90-6e1a3365e192,function_transfer_time,1773615214.683059,0.000041
experiment_name,0d140124-5906-49b5-9b90-6e1a3365e192,function_transfer_time,1773615214.683281,0.000033
experiment_name,0d140124-5906-49b5-9b90-6e1a3365e192,function_transfer_time,1773615214.68427,0.000052
experiment_name,0d140124-5906-49b5-9b90-6e1a3365e192,function_transfer_time,1773615214.684775,0.000053
experiment_name,0d140124-5906-49b5-9b90-6e1a3365e192,function_transfer_time,1773615214.684952,0.000035
experiment_name,0d140124-5906-49b5-9b90-6e1a3365e192,function_transfer_time,1773615214.685258,0.000068
experiment_name,0d140124-5906-49b5-9b90-6e1a3365e192,function_transfer_time,1773615214.686692,0.000046
experiment_name,0d140124-5906-49b5-9b90-6e1a3365e192,function_transfer_time,1773615214.687201,0.000041
experiment_name,0d140124-5906-49b5-9b90-6e1a3365e192,function_transfer_time,1773615214.68729,0.000095
experiment_name,0d140124-5906-49b5-9b90-6e1a3365e192,function_transfer_time,1773615214.688515,0.000046
experiment_name,0d140124-5906-49b5-9b90-6e1a3365e192,function_transfer_time,1773615214.688659,0.000066
experiment_name,0d140124-5906-49b5-9b90-6e1a3365e192,function_transfer_time,1773615214.688774,0.000016
experiment_name,0d140124-5906-49b5-9b90-6e1a3365e192,function_transfer_time,1773615214.689608,0.000046
experiment_name,0d140124-5906-49b5-9b90-6e1a3365e192,function_transfer_time,1773615214.690056,0.000055
experiment_name,0d140124-5906-49b5-9b90-6e1a3365e192,function_transfer_time,1773615214.690884,0.00004
experiment_name,0d140124-5906-49b5-9b90-6e1a3365e192,function_transfer_time,1773615214.690908,0.000056
experiment_name,0d140124-5906-49b5-9b90-6e1a3365e192,function_transfer_time,1773615214.691964,0.000072
experiment_name,0d140124-5906-49b5-9b90-6e1a3365e192,function_transfer_time,1773615214.692118,0.000058
experiment_name,0d140124-5906-49b5-9b90-6e1a3365e192,function_transfer_time,1773615214.695082,0.000242
experiment_name,0d140124-5906-49b5-9b90-6e1a3365e192,function_transfer_time,1773615214.695135,0.000263
experiment_name,0d140124-5906-49b5-9b90-6e1a3365e192,function_transfer_time,1773615214.695188,0.000224
experiment_name,0d140124-5906-49b5-9b90-6e1a3365e192,function_transfer_time,1773615214.695767,0.000047
experiment_name,0d140124-5906-49b5-9b90-6e1a3365e192,function_transfer_time,1773615214.696258,0.000029
experiment_name,0d140124-5906-49b5-9b90-6e1a3365e192,function_transfer_time,1773615214.696907,0.000042
experiment_name,8e6a0849-6efd-4483-9af4-8c615673a281,function_transfer_time,1773615214.688388,0.000166
experiment_name,8e6a0849-6efd-4483-9af4-8c615673a281,function_transfer_time,1773615214.688661,0.000059
experiment_name,11c708bd-8200-49d7-bd8f-43964f9ed83c,function_transfer_time,1773615214.679792,0.000045
experiment_name,11c708bd-8200-49d7-bd8f-43964f9ed83c,function_transfer_time,1773615214.679931,0.00006
experiment_name,a2a6d45b-605e-400d-963e-93e72a6eaa4f,function_transfer_time,1773615214.67384,0.000853
experiment_name,a2a6d45b-605e-400d-963e-93e72a6eaa4f,function_transfer_time,1773615214.674242,0.00004
experiment_name,68d7048a-7004-47c3-a3b0-3d68dac67d7f,function_transfer_time,1773615214.670393,0.000112
experiment_name,eb840dda-490d-4769-86be-53d0aacf7303,function_transfer_time,1773615214.686599,0.000054
experiment_name,eb840dda-490d-4769-86be-53d0aacf7303,function_transfer_time,1773615214.686803,0.000067
experiment_name,55c24114-ca87-4b50-8907-e761852d4ec3,function_transfer_time,1773615214.695017,0.000115
experiment_name,55c24114-ca87-4b50-8907-e761852d4ec3,function_transfer_time,1773615214.695402,0.000174
experiment_name,a686e4a6-1bc6-41d0-93f6-c07fc900854d,function_transfer_time,1773615214.674808,0.000049
experiment_name,a686e4a6-1bc6-41d0-93f6-c07fc900854d,function_transfer_time,1773615214.674976,0.000035
experiment_name,e6d04f19-287d-4681-a7a3-1a5163846bff,function_transfer_time,1773615214.687169,0.000121
experiment_name,e6d04f19-287d-4681-a7a3-1a5163846bff,function_transfer_time,1773615214.687429,0.000159
experiment_name,bfa6e121-f062-4ed5-81a8-364c1760626d,function_transfer_time,1773615214.690875,0.000041
experiment_name,bfa6e121-f062-4ed5-81a8-364c1760626d,function_transfer_time,1773615214.691016,0.000066
experiment_name,afadc91a-4b97-4d10-af36-c0e13b232de7,function_transfer_time,1773615214.67838,0.000054
experiment_name,8a929fae-4a12-4bbc-a34a-502ff18b8087,function_transfer_time,1773615214.670265,0.000251
experiment_name,8a929fae-4a12-4bbc-a34a-502ff18b8087,function_transfer_time,1773615214.670885,0.000164
experiment_name,b5298763-5570-45b5-8bfe-eea6577d43f7,function_transfer_time,1773615214.677735,0.000014
experiment_name,b5298763-5570-45b5-8bfe-eea6577d43f7,function_transfer_time,1773615214.678055,0.000078
experiment_name,2ea69cbe-b638-4c74-aaa5-403cec25bafc,function_transfer_time,1773615214.677268,0.000083
experiment_name,2ea69cbe-b638-4c74-aaa5-403cec25bafc,function_transfer_time,1773615214.677709,0.000095
experiment_name,ad0480ec-c996-484a-a74e-f0bc1a0d73db,function_transfer_time,1773615214.67832,0.000039
experiment_name,c7fa1d6b-02de-4b4c-9513-4a7febca1cd9,function_transfer_time,1773615214.676961,0.000139
experiment_name,c7fa1d6b-02de-4b4c-9513-4a7febca1cd9,function_transfer_time,1773615214.677273,0.000065
experiment_name,8e208e39-ae8c-41e8-9330-b2a544dd2c7f,function_transfer_time,1773615214.690757,0.000057
experiment_name,8e208e39-ae8c-41e8-9330-b2a544dd2c7f,function_transfer_time,1773615214.690979,0.00006
experiment_name,46a7af08-afc8-40f0-bdc1-4c0ba6db3eda,function_transfer_time,1773615214.683207,0.000038
experiment_name,46a7af08-afc8-40f0-bdc1-4c0ba6db3eda,function_transfer_time,1773615214.683364,0.000044
experiment_name,e1fd27f3-6165-4599-897a-61288efd89ea,function_transfer_time,1773615214.684178,0.000053
experiment_name,e1fd27f3-6165-4599-897a-61288efd89ea,function_transfer_time,1773615214.68437,0.000068
experiment_name,8ab1a44a-5821-499f-9f5b-81d8d69c3b06,function_transfer_time,1773615214.670217,0.000252
experiment_name,8ab1a44a-5821-499f-9f5b-81d8d69c3b06,function_transfer_time,1773615214.670263,0.000068
experiment_name,8ab1a44a-5821-499f-9f5b-81d8d69c3b06,function_transfer_time,1773615214.670747,0.000113
experiment_name,8ab1a44a-5821-499f-9f5b-81d8d69c3b06,function_transfer_time,1773615214.674078,0.000047
experiment_name,8ab1a44a-5821-499f-9f5b-81d8d69c3b06,function_transfer_time,1773615214.674633,0.000032
experiment_name,8ab1a44a-5821-499f-9f5b-81d8d69c3b06,function_transfer_time,1773615214.674892,0.000038
experiment_name,8ab1a44a-5821-499f-9f5b-81d8d69c3b06,function_transfer_time,1773615214.677028,0.000072
experiment_name,8ab1a44a-5821-499f-9f5b-81d8d69c3b06,function_transfer_time,1773615214.677114,0.0001
experiment_name,8ab1a44a-5821-499f-9f5b-81d8d69c3b06,function_transfer_time,1773615214.677511,0.000061
experiment_name,8ab1a44a-5821-499f-9f5b-81d8d69c3b06,function_transfer_time,1773615214.677855,0.000042
experiment_name,a4b6fca0-7c26-4976-9297-90b9f7244a07,function_transfer_time,1773615214.680332,0.000077
experiment_name,a4b6fca0-7c26-4976-9297-90b9f7244a07,function_transfer_time,1773615214.680515,0.000095
experiment_name,0f5b6854-f912-41a1-baa5-65a0787b6252,function_transfer_time,1773615214.683024,0.000049
experiment_name,0f5b6854-f912-41a1-baa5-65a0787b6252,function_transfer_time,1773615214.683172,0.000059
experiment_name,a4cc96f1-cf4a-433f-87f7-9aadad4db05a,function_transfer_time,1773615214.694737,0.000523
experiment_name,a4cc96f1-cf4a-433f-87f7-9aadad4db05a,function_transfer_time,1773615214.695367,0.000183
experiment_name,f9400c74-9472-4ba3-ba64-c7ec4f5d91a2,function_transfer_time,1773615214.688505,0.000076
experiment_name,f9400c74-9472-4ba3-ba64-c7ec4f5d91a2,function_transfer_time,1773615214.688692,0.000054
experiment_name,2a7150f7-d3f8-453d-a252-ad1991266e9d,function_transfer_time,1773615214.670204,0.00027
experiment_name,2a7150f7-d3f8-453d-a252-ad1991266e9d,function_transfer_time,1773615214.670749,0.000251
experiment_name,2383c657-6998-4692-ade5-1f0a9c7bb62f,function_transfer_time,1773615214.69569,0.000013
experiment_name,2383c657-6998-4692-ade5-1f0a9c7bb62f,function_transfer_time,1773615214.695906,0.000034
experiment_name,634a696f-bd8a-4627-9aeb-bbc38d5f67f0,function_transfer_time,1773615214.684907,0.000055
experiment_name,634a696f-bd8a-4627-9aeb-bbc38d5f67f0,function_transfer_time,1773615214.68504,0.000044
experiment_name,b7c730db-0c60-496e-acbd-34920865e0cd,function_transfer_time,1773615214.682773,0.000057
experiment_name,b7c730db-0c60-496e-acbd-34920865e0cd,function_transfer_time,1773615214.683013,0.000081
experiment_name,745671d6-2fa8-4fac-9914-08ddd45fc6c3,function_instantiate_time,1773615218.143917,3.385947125
experiment_name,53ed4873-4b47-4d6b-ba47-cb48454b7ce3,function_instantiate_time,1773615218.144195,3.386931458
experiment_name,aff247c0-b411-4e6d-a8be-55c7043895a6,function_instantiate_time,1773615218.144133,3.386648875
experiment_name,d976a166-d368-4ad2-ad59-cf983f8b8480,function_instantiate_time,1773615218.177308,3.433985084
experiment_name,2a58c921-1035-4f46-a872-378505c1bc7d,function_instantiate_time,1773615218.158106,3.402810209
experiment_name,8de18212-5418-455c-b009-b06edce414b8,function_instantiate_time,1773615218.166142,3.411899667
experiment_name,7f38c67b-1075-4212-a423-0fe2205fa14d,function_instantiate_time,1773615218.163385,3.40874
experiment_name,8165a5a1-b4fb-4f83-89aa-88648de850db,function_instantiate_time,1773615218.151548,3.3950425
experiment_name,bf72a524-b058-481f-b395-614ff3dc14a4,function_instantiate_time,1773615218.172878,3.422519167
experiment_name,95631258-e395-4b43-8346-e0474150de00,function_instantiate_time,1773615218.160025,3.404983209
experiment_name,eccc6feb-3501-4db5-aea1-9f66ba093b23,function_instantiate_time,1773615218.172212,3.428510833
experiment_name,e53e5a55-6712-4b39-8fc6-510942f121a4,function_instantiate_time,1773615218.149254,3.3924837500000002
experiment_name,64bd5c1d-33bf-406b-877b-fafcc02d07f3,function_instantiate_time,1773615218.175005,3.431600208
experiment_name,8f27df41-dd62-481b-8484-f1cb84727124,function_instantiate_time,1773615218.157343,3.402117208
experiment_name,542595c1-e57e-4134-b0ae-a0916064b16a,function_instantiate_time,1773615218.161822,3.407421792
experiment_name,5952bd85-159d-410e-942c-3be7b6e2239c,function_instantiate_time,1773615218.177897,3.434582958
experiment_name,e1b0ba22-2945-4a4f-88d6-52a90c222d61,function_instantiate_time,1773615218.16829,3.414836167
experiment_name,dd451806-195a-449f-a387-f0ae796ec57a,function_instantiate_time,1773615218.156363,3.4009955
experiment_name,9820302c-65f0-4698-b200-1bf7e0d014a9,function_instantiate_time,1773615218.165778,3.411412916
experiment_name,5d4d22d6-9941-455c-a086-59a42f92b466,function_instantiate_time,1773615218.175877,3.431864375
experiment_name,e3206d87-363e-4757-9fa5-9bba1c26a9fd,function_instantiate_time,1773615218.168301,3.4145109590000002
experiment_name,1a48eb2f-d796-471b-a0d7-2f3ac897d906,function_instantiate_time,1773615218.175507,3.431514584
experiment_name,b6bd7b02-0fac-4e2c-96da-52b22ddb56d7,function_instantiate_time,1773615218.145335,3.388036375
experiment_name,18cfd4c2-4dce-48f7-bfed-aee927897b88,function_instantiate_time,1773615218.154336,3.398471666
experiment_name,2edc3a39-9fc0-4950-9765-8ee5ae985348,function_instantiate_time,1773615218.151401,3.395271708
experiment_name,616d0005-32de-4cd6-9239-6bc355cabc41,function_instantiate_time,1773615218.173889,3.430624084
experiment_name,4e71ea76-bd95-437f-9ca7-491552792300,function_instantiate_time,1773615218.154655,3.3988395000000002
experiment_name,e7a3bfd0-bdf6-4fa8-8e8a-58dd4889b96c,function_instantiate_time,1773615218.158023,3.402700542
experiment_name,13a6d8cd-7c5e-43d1-a0cf-56d0928f291b,function_instantiate_time,1773615218.151866,3.395900708
experiment_name,b26c74ed-8bd0-48a8-a0da-02eb4e9a8d04,function_instantiate_time,1773615218.177093,3.433540083
experiment_name,ba4cf564-3f75-43d4-8ab0-d86642807ec3,function_instantiate_time,1773615218.148008,3.391327084
experiment_name,992c3542-1568-4efd-9d10-04accf329035,function_instantiate_time,1773615218.147601,3.390163125
experiment_name,fa640699-fe2f-4b4c-b4c4-c257127229c3,function_instantiate_time,1773615218.171487,3.41963825
experiment_name,1da6175a-5fbc-4112-a728-d38f55f7e4ad,function_instantiate_time,1773615218.148653,3.391589375
experiment_name,68ba4c79-bb42-4cc0-8660-b4b32cc78fb0,function_instantiate_time,1773615218.172223,3.421561709
experiment_name,d2722ea1-dded-426e-b471-f97a14d8f692,function_instantiate_time,1773615218.166988,3.413160625
experiment_name,d7990f7d-d70f-4f02-926d-b1c9c3290953,function_instantiate_time,1773615218.163861,3.409141833
experiment_name,5831cd6d-c6e5-4536-8461-dfa9f1ba7bdb,function_instantiate_time,1773615218.15063,3.394189125
experiment_name,cb2341d4-97ee-4049-a33b-680d42954a08,function_instantiate_time,1773615218.148697,3.391793917
experiment_name,d26fda33-f5ef-4caf-9b26-dc00557a9056,function_instantiate_time,1773615218.150325,3.393463917
experiment_name,d7d1913e-5b19-41e3-adc4-ac9033cb1a7b,function_instantiate_time,1773615218.169999,3.41758675
experiment_name,3c972060-947b-4030-a8f4-de8facea561e,function_instantiate_time,1773615218.156374,3.401161
experiment_name,1a0bd4e2-ea07-4016-be32-e6bcfcf8afbf,function_instantiate_time,1773615218.153129,3.3973818749999998
experiment_name,6aa994fb-71e8-417f-b79a-c3178d3a3e4c,function_instantiate_time,1773615218.166496,3.41310675
experiment_name,b05a4f2b-c1d9-41fa-b42d-feb9e258ea2c,function_instantiate_time,1773615218.161023,3.405996083
experiment_name,f74a31cf-5dcb-44a2-91c7-8d28ed5f5ab0,function_instantiate_time,1773615218.163653,3.408928625
experiment_name,2f1fb028-8f26-4cad-9540-b7a5d6b0575d,function_instantiate_time,1773615218.160831,3.406214542
experiment_name,e21acd44-5527-4b97-874e-ad2a593cc032,function_instantiate_time,1773615218.160822,3.405797209
experiment_name,e4baa4e0-158b-411c-b609-0bf7a82eb5c9,function_instantiate_time,1773615218.169433,3.416815041
experiment_name,6b02d047-6803-410d-b50e-af824831f9da,function_instantiate_time,1773615218.155333,3.399740083
experiment_name,3156f256-79f9-4ec7-9d86-b8824102ba58,function_instantiate_time,1773615218.151357,3.395058625
experiment_name,54760961-15c5-4985-bd55-f130678ea9c6,function_instantiate_time,1773615218.14407,3.386698917
experiment_name,0e52d6b0-336b-4659-b60a-6cadb5034b6f,function_instantiate_time,1773615218.151367,3.3947941249999998
experiment_name,f14f9aa5-a5ad-4a7b-961a-101016f0ff72,function_instantiate_time,1773615218.170607,3.41925125
experiment_name,a8e0bcc2-479a-4f29-9c61-80791c4c7fb9,function_instantiate_time,1773615218.162685,3.407814292
experiment_name,87de5775-341d-4cc2-9b93-f0f9431f32f3,function_instantiate_time,1773615218.164755,3.410333417
experiment_name,63f4156b-2d52-4151-9168-385e964c6194,function_instantiate_time,1773615218.151939,3.395851542
experiment_name,069cf96c-dddd-4230-85cc-82cf2b3ac8c8,function_instantiate_time,1773615218.17373,3.430182875
experiment_name,3aea3159-1f9d-4e6c-bcba-9fa94e4f612c,function_instantiate_time,1773615218.153977,3.398428333
experiment_name,d7990f7d-d70f-4f02-926d-b1c9c3290953,function_init_time,1773615218.163891,0.000037125
experiment_name,f74a31cf-5dcb-44a2-91c7-8d28ed5f5ab0,function_init_time,1773615218.163691,0.000034667
experiment_name,9820302c-65f0-4698-b200-1bf7e0d014a9,function_init_time,1773615218.165781,0.000031541
experiment_name,e7a3bfd0-bdf6-4fa8-8e8a-58dd4889b96c,function_init_time,1773615218.158111,0.000092625
experiment_name,2f1fb028-8f26-4cad-9540-b7a5d6b0575d,function_init_time,1773615218.160919,0.000037625
experiment_name,b05a4f2b-c1d9-41fa-b42d-feb9e258ea2c,function_init_time,1773615218.161055,0.000043541
experiment_name,8f27df41-dd62-481b-8484-f1cb84727124,function_init_time,1773615218.157402,0.000052875
experiment_name,5831cd6d-c6e5-4536-8461-dfa9f1ba7bdb,function_init_time,1773615218.15068,0.000081958
experiment_name,64bd5c1d-33bf-406b-877b-fafcc02d07f3,function_init_time,1773615218.175038,0.000029292
experiment_name,6aa994fb-71e8-417f-b79a-c3178d3a3e4c,function_init_time,1773615218.166504,0.000037459
experiment_name,d2722ea1-dded-426e-b471-f97a14d8f692,function_init_time,1773615218.167025,0.000033917
experiment_name,2edc3a39-9fc0-4950-9765-8ee5ae985348,function_init_time,1773615218.151506,0.000048667
experiment_name,e1b0ba22-2945-4a4f-88d6-52a90c222d61,function_init_time,1773615218.168309,0.00003775
experiment_name,87de5775-341d-4cc2-9b93-f0f9431f32f3,function_init_time,1773615218.164776,0.000029333
experiment_name,e3206d87-363e-4757-9fa5-9bba1c26a9fd,function_init_time,1773615218.168345,0.000034917
experiment_name,7f38c67b-1075-4212-a423-0fe2205fa14d,function_init_time,1773615218.163394,0.000019875
experiment_name,95631258-e395-4b43-8346-e0474150de00,function_init_time,1773615218.160052,0.000040542
experiment_name,d976a166-d368-4ad2-ad59-cf983f8b8480,function_init_time,1773615218.177335,0.000034334
experiment_name,5952bd85-159d-410e-942c-3be7b6e2239c,function_init_time,1773615218.17793,0.000034959
experiment_name,aff247c0-b411-4e6d-a8be-55c7043895a6,function_init_time,1773615218.144201,0.000089958
experiment_name,18cfd4c2-4dce-48f7-bfed-aee927897b88,function_init_time,1773615218.15436,0.000034167
experiment_name,fa640699-fe2f-4b4c-b4c4-c257127229c3,function_init_time,1773615218.171511,0.000032042
experiment_name,2a58c921-1035-4f46-a872-378505c1bc7d,function_init_time,1773615218.158303,0.00019475
experiment_name,1a48eb2f-d796-471b-a0d7-2f3ac897d906,function_init_time,1773615218.175525,0.000056959
experiment_name,5d4d22d6-9941-455c-a086-59a42f92b466,function_init_time,1773615218.175892,0.00004525
experiment_name,0e52d6b0-336b-4659-b60a-6cadb5034b6f,function_init_time,1773615218.151431,0.000086125
experiment_name,3156f256-79f9-4ec7-9d86-b8824102ba58,function_init_time,1773615218.151384,0.000066834
experiment_name,63f4156b-2d52-4151-9168-385e964c6194,function_init_time,1773615218.151995,0.000040334
experiment_name,992c3542-1568-4efd-9d10-04accf329035,function_init_time,1773615218.147642,0.0000415
experiment_name,b26c74ed-8bd0-48a8-a0da-02eb4e9a8d04,function_init_time,1773615218.177144,0.000034833
experiment_name,54760961-15c5-4985-bd55-f130678ea9c6,function_init_time,1773615218.14414,0.000051125
experiment_name,e53e5a55-6712-4b39-8fc6-510942f121a4,function_init_time,1773615218.149298,0.00004675
experiment_name,13a6d8cd-7c5e-43d1-a0cf-56d0928f291b,function_init_time,1773615218.151886,0.000035375
experiment_name,b6bd7b02-0fac-4e2c-96da-52b22ddb56d7,function_init_time,1773615218.145349,0.000023542
experiment_name,616d0005-32de-4cd6-9239-6bc355cabc41,function_init_time,1773615218.173938,0.000043833
experiment_name,ba4cf564-3f75-43d4-8ab0-d86642807ec3,function_init_time,1773615218.14805,0.000042375
experiment_name,542595c1-e57e-4134-b0ae-a0916064b16a,function_init_time,1773615218.161846,0.000032
experiment_name,68ba4c79-bb42-4cc0-8660-b4b32cc78fb0,function_init_time,1773615218.172286,0.000035958
experiment_name,1a0bd4e2-ea07-4016-be32-e6bcfcf8afbf,function_init_time,1773615218.153172,0.000030834
experiment_name,069cf96c-dddd-4230-85cc-82cf2b3ac8c8,function_init_time,1773615218.17375,0.000030375
experiment_name,e21acd44-5527-4b97-874e-ad2a593cc032,function_init_time,1773615218.160852,0.000039791
experiment_name,8de18212-5418-455c-b009-b06edce414b8,function_init_time,1773615218.166162,0.000030958
experiment_name,cb2341d4-97ee-4049-a33b-680d42954a08,function_init_time,1773615218.148755,0.000044625
experiment_name,f14f9aa5-a5ad-4a7b-961a-101016f0ff72,function_init_time,1773615218.170632,0.00002975
experiment_name,8165a5a1-b4fb-4f83-89aa-88648de850db,function_init_time,1773615218.151582,0.000080875
experiment_name,1da6175a-5fbc-4112-a728-d38f55f7e4ad,function_init_time,1773615218.148702,0.000049916
experiment_name,745671d6-2fa8-4fac-9914-08ddd45fc6c3,function_init_time,1773615218.144083,0.000147875
experiment_name,d26fda33-f5ef-4caf-9b26-dc00557a9056,function_init_time,1773615218.15048,0.000136042
experiment_name,eccc6feb-3501-4db5-aea1-9f66ba093b23,function_init_time,1773615218.172239,0.000036208
experiment_name,a8e0bcc2-479a-4f29-9c61-80791c4c7fb9,function_init_time,1773615218.162712,0.000031291
experiment_name,d7d1913e-5b19-41e3-adc4-ac9033cb1a7b,function_init_time,1773615218.170007,0.000030625
experiment_name,6b02d047-6803-410d-b50e-af824831f9da,function_init_time,1773615218.155382,0.000035
experiment_name,53ed4873-4b47-4d6b-ba47-cb48454b7ce3,function_init_time,1773615218.144225,0.000062042
experiment_name,3c972060-947b-4030-a8f4-de8facea561e,function_init_time,1773615218.156443,0.000038167
experiment_name,e4baa4e0-158b-411c-b609-0bf7a82eb5c9,function_init_time,1773615218.169472,0.000032125
experiment_name,3aea3159-1f9d-4e6c-bcba-9fa94e4f612c,function_init_time,1773615218.154001,0.000033458
experiment_name,4e71ea76-bd95-437f-9ca7-491552792300,function_init_time,1773615218.154684,0.000029583
experiment_name,dd451806-195a-449f-a387-f0ae796ec57a,function_init_time,1773615218.156405,0.00003275
experiment_name,bf72a524-b058-481f-b395-614ff3dc14a4,function_init_time,1773615218.172902,0.000028917
experiment_name,6b02d047-6803-410d-b50e-af824831f9da,function_execution_time,1773615218.155633,0.000188584
experiment_name,6b02d047-6803-410d-b50e-af824831f9da,function_execution_time,1773615218.158474,0.000067917
experiment_name,745671d6-2fa8-4fac-9914-08ddd45fc6c3,function_execution_time,1773615218.14435,0.000219459
experiment_name,745671d6-2fa8-4fac-9914-08ddd45fc6c3,function_execution_time,1773615218.156835,0.000226166
experiment_name,3aea3159-1f9d-4e6c-bcba-9fa94e4f612c,function_execution_time,1773615218.154076,0.000061333
experiment_name,3aea3159-1f9d-4e6c-bcba-9fa94e4f612c,function_execution_time,1773615218.176054,0.000384083
experiment_name,63f4156b-2d52-4151-9168-385e964c6194,function_execution_time,1773615218.152124,0.000108708
experiment_name,63f4156b-2d52-4151-9168-385e964c6194,function_execution_time,1773615218.158294,0.00026725
experiment_name,8f27df41-dd62-481b-8484-f1cb84727124,function_execution_time,1773615218.15758,0.000168041
experiment_name,992c3542-1568-4efd-9d10-04accf329035,function_execution_time,1773615218.147743,0.000072708
experiment_name,992c3542-1568-4efd-9d10-04accf329035,function_execution_time,1773615218.157317,0.000209625
experiment_name,e3206d87-363e-4757-9fa5-9bba1c26a9fd,function_execution_time,1773615218.168459,0.000095291
experiment_name,e3206d87-363e-4757-9fa5-9bba1c26a9fd,function_execution_time,1773615218.168631,0.000059292
experiment_name,1da6175a-5fbc-4112-a728-d38f55f7e4ad,function_execution_time,1773615218.148785,0.000074417
experiment_name,1da6175a-5fbc-4112-a728-d38f55f7e4ad,function_execution_time,1773615218.175865,0.000070958
experiment_name,8de18212-5418-455c-b009-b06edce414b8,function_execution_time,1773615218.16623,0.00006275
experiment_name,8de18212-5418-455c-b009-b06edce414b8,function_execution_time,1773615218.166878,0.0000535
experiment_name,13a6d8cd-7c5e-43d1-a0cf-56d0928f291b,function_execution_time,1773615218.151989,0.000077708
experiment_name,13a6d8cd-7c5e-43d1-a0cf-56d0928f291b,function_execution_time,1773615218.175903,0.000126583
experiment_name,b26c74ed-8bd0-48a8-a0da-02eb4e9a8d04,function_execution_time,1773615218.177282,0.000070042
experiment_name,b26c74ed-8bd0-48a8-a0da-02eb4e9a8d04,function_execution_time,1773615218.177502,0.000173833
experiment_name,0e52d6b0-336b-4659-b60a-6cadb5034b6f,function_execution_time,1773615218.151678,0.00023725
experiment_name,0e52d6b0-336b-4659-b60a-6cadb5034b6f,function_execution_time,1773615218.157791,0.000098125
experiment_name,53ed4873-4b47-4d6b-ba47-cb48454b7ce3,function_execution_time,1773615218.144394,0.000108
experiment_name,53ed4873-4b47-4d6b-ba47-cb48454b7ce3,function_execution_time,1773615218.157098,0.000284375
experiment_name,e4baa4e0-158b-411c-b609-0bf7a82eb5c9,function_execution_time,1773615218.169589,0.000071959
experiment_name,ba4cf564-3f75-43d4-8ab0-d86642807ec3,function_execution_time,1773615218.148133,0.00007225
experiment_name,ba4cf564-3f75-43d4-8ab0-d86642807ec3,function_execution_time,1773615218.157327,0.000122
experiment_name,cb2341d4-97ee-4049-a33b-680d42954a08,function_execution_time,1773615218.148876,0.000064333
experiment_name,cb2341d4-97ee-4049-a33b-680d42954a08,function_execution_time,1773615218.157577,0.000247209
experiment_name,5952bd85-159d-410e-942c-3be7b6e2239c,function_execution_time,1773615218.178004,0.000059209
experiment_name,5952bd85-159d-410e-942c-3be7b6e2239c,function_execution_time,1773615218.178136,0.000052458
experiment_name,3156f256-79f9-4ec7-9d86-b8824102ba58,function_execution_time,1773615218.151672,0.000198583
experiment_name,3156f256-79f9-4ec7-9d86-b8824102ba58,function_execution_time,1773615218.153581,0.000078292
experiment_name,bf72a524-b058-481f-b395-614ff3dc14a4,function_execution_time,1773615218.173007,0.000055667
experiment_name,bf72a524-b058-481f-b395-614ff3dc14a4,function_execution_time,1773615218.173363,0.000150208
experiment_name,fa640699-fe2f-4b4c-b4c4-c257127229c3,function_execution_time,1773615218.171745,0.000177667
experiment_name,fa640699-fe2f-4b4c-b4c4-c257127229c3,function_execution_time,1773615218.172136,0.000132417
experiment_name,d26fda33-f5ef-4caf-9b26-dc00557a9056,function_execution_time,1773615218.150745,0.000164666
experiment_name,d26fda33-f5ef-4caf-9b26-dc00557a9056,function_execution_time,1773615218.153444,0.000159209
experiment_name,3c972060-947b-4030-a8f4-de8facea561e,function_execution_time,1773615218.156509,0.000075291
experiment_name,3c972060-947b-4030-a8f4-de8facea561e,function_execution_time,1773615218.156936,0.000100583
experiment_name,54760961-15c5-4985-bd55-f130678ea9c6,function_execution_time,1773615218.144269,0.000143834
experiment_name,54760961-15c5-4985-bd55-f130678ea9c6,function_execution_time,1773615218.156813,0.00024425
experiment_name,9820302c-65f0-4698-b200-1bf7e0d014a9,function_execution_time,1773615218.165997,0.000124875
experiment_name,9820302c-65f0-4698-b200-1bf7e0d014a9,function_execution_time,1773615218.166326,0.000064125
experiment_name,2a58c921-1035-4f46-a872-378505c1bc7d,function_execution_time,1773615218.158468,0.000145916
experiment_name,2a58c921-1035-4f46-a872-378505c1bc7d,function_execution_time,1773615218.175952,0.000160334
experiment_name,7f38c67b-1075-4212-a423-0fe2205fa14d,function_execution_time,1773615218.163451,0.000043875
experiment_name,e53e5a55-6712-4b39-8fc6-510942f121a4,function_execution_time,1773615218.149397,0.000077667
experiment_name,e53e5a55-6712-4b39-8fc6-510942f121a4,function_execution_time,1773615218.157726,0.0002145
experiment_name,eccc6feb-3501-4db5-aea1-9f66ba093b23,function_execution_time,1773615218.172319,0.00007125
experiment_name,eccc6feb-3501-4db5-aea1-9f66ba093b23,function_execution_time,1773615218.172562,0.000052292
experiment_name,b05a4f2b-c1d9-41fa-b42d-feb9e258ea2c,function_execution_time,1773615218.161155,0.00009125
experiment_name,b05a4f2b-c1d9-41fa-b42d-feb9e258ea2c,function_execution_time,1773615218.161379,0.000072375
experiment_name,616d0005-32de-4cd6-9239-6bc355cabc41,function_execution_time,1773615218.174066,0.000083041
experiment_name,616d0005-32de-4cd6-9239-6bc355cabc41,function_execution_time,1773615218.174257,0.000060875
experiment_name,dd451806-195a-449f-a387-f0ae796ec57a,function_execution_time,1773615218.156488,0.000082625
experiment_name,dd451806-195a-449f-a387-f0ae796ec57a,function_execution_time,1773615218.156562,0.000082833
experiment_name,dd451806-195a-449f-a387-f0ae796ec57a,function_execution_time,1773615218.156743,0.000169167
experiment_name,dd451806-195a-449f-a387-f0ae796ec57a,function_execution_time,1773615218.157083,0.000297709
experiment_name,dd451806-195a-449f-a387-f0ae796ec57a,function_execution_time,1773615218.157197,0.000129125
experiment_name,dd451806-195a-449f-a387-f0ae796ec57a,function_execution_time,1773615218.157351,0.000150042
experiment_name,dd451806-195a-449f-a387-f0ae796ec57a,function_execution_time,1773615218.157518,0.000147042
experiment_name,dd451806-195a-449f-a387-f0ae796ec57a,function_execution_time,1773615218.157685,0.000165417
experiment_name,dd451806-195a-449f-a387-f0ae796ec57a,function_execution_time,1773615218.1578,0.000116417
experiment_name,dd451806-195a-449f-a387-f0ae796ec57a,function_execution_time,1773615218.15803,0.00020725
experiment_name,dd451806-195a-449f-a387-f0ae796ec57a,function_execution_time,1773615218.158227,0.000201625
experiment_name,dd451806-195a-449f-a387-f0ae796ec57a,function_execution_time,1773615218.158398,0.000158958
experiment_name,dd451806-195a-449f-a387-f0ae796ec57a,function_execution_time,1773615218.160443,0.000190709
experiment_name,dd451806-195a-449f-a387-f0ae796ec57a,function_execution_time,1773615218.161205,0.000224584
experiment_name,dd451806-195a-449f-a387-f0ae796ec57a,function_execution_time,1773615218.161308,0.000094416
experiment_name,dd451806-195a-449f-a387-f0ae796ec57a,function_execution_time,1773615218.162024,0.000079375
experiment_name,dd451806-195a-449f-a387-f0ae796ec57a,function_execution_time,1773615218.163912,0.000087666
experiment_name,dd451806-195a-449f-a387-f0ae796ec57a,function_execution_time,1773615218.1641,0.000067709
experiment_name,dd451806-195a-449f-a387-f0ae796ec57a,function_execution_time,1773615218.164966,0.00006725
experiment_name,dd451806-195a-449f-a387-f0ae796ec57a,function_execution_time,1773615218.166108,0.000062625
experiment_name,dd451806-195a-449f-a387-f0ae796ec57a,function_execution_time,1773615218.166526,0.000241584
experiment_name,dd451806-195a-449f-a387-f0ae796ec57a,function_execution_time,1773615218.167195,0.00016525
experiment_name,dd451806-195a-449f-a387-f0ae796ec57a,function_execution_time,1773615218.168609,0.000096292
experiment_name,dd451806-195a-449f-a387-f0ae796ec57a,function_execution_time,1773615218.170875,0.000070917
experiment_name,dd451806-195a-449f-a387-f0ae796ec57a,function_execution_time,1773615218.172474,0.000099834
experiment_name,dd451806-195a-449f-a387-f0ae796ec57a,function_execution_time,1773615218.173139,0.00011575
experiment_name,dd451806-195a-449f-a387-f0ae796ec57a,function_execution_time,1773615218.174201,0.000132417
experiment_name,dd451806-195a-449f-a387-f0ae796ec57a,function_execution_time,1773615218.176129,0.000136958
experiment_name,dd451806-195a-449f-a387-f0ae796ec57a,function_execution_time,1773615218.17623,0.000089125
experiment_name,dd451806-195a-449f-a387-f0ae796ec57a,function_execution_time,1773615218.177588,0.000145375
experiment_name,d2722ea1-dded-426e-b471-f97a14d8f692,function_execution_time,1773615218.167116,0.000076209
experiment_name,d2722ea1-dded-426e-b471-f97a14d8f692,function_execution_time,1773615218.167342,0.000083
experiment_name,68ba4c79-bb42-4cc0-8660-b4b32cc78fb0,function_execution_time,1773615218.172464,0.000132042
experiment_name,68ba4c79-bb42-4cc0-8660-b4b32cc78fb0,function_execution_time,1773615218.176092,0.000137125
experiment_name,069cf96c-dddd-4230-85cc-82cf2b3ac8c8,function_execution_time,1773615218.173819,0.00006175
experiment_name,069cf96c-dddd-4230-85cc-82cf2b3ac8c8,function_execution_time,1773615218.174193,0.000172125
experiment_name,f74a31cf-5dcb-44a2-91c7-8d28ed5f5ab0,function_execution_time,1773615218.163797,0.000062917
experiment_name,f74a31cf-5dcb-44a2-91c7-8d28ed5f5ab0,function_execution_time,1773615218.163977,0.000062417
experiment_name,1a48eb2f-d796-471b-a0d7-2f3ac897d906,function_execution_time,1773615218.175938,0.000264458
experiment_name,1a48eb2f-d796-471b-a0d7-2f3ac897d906,function_execution_time,1773615218.176215,0.000088791
experiment_name,d7d1913e-5b19-41e3-adc4-ac9033cb1a7b,function_execution_time,1773615218.170286,0.000186541
experiment_name,d7d1913e-5b19-41e3-adc4-ac9033cb1a7b,function_execution_time,1773615218.176057,0.000221333
experiment_name,aff247c0-b411-4e6d-a8be-55c7043895a6,function_execution_time,1773615218.144445,0.000154667
experiment_name,aff247c0-b411-4e6d-a8be-55c7043895a6,function_execution_time,1773615218.175848,0.000081042
experiment_name,2edc3a39-9fc0-4950-9765-8ee5ae985348,function_execution_time,1773615218.169795,0.000174375
experiment_name,6aa994fb-71e8-417f-b79a-c3178d3a3e4c,function_execution_time,1773615218.166998,0.000104167
experiment_name,6aa994fb-71e8-417f-b79a-c3178d3a3e4c,function_execution_time,1773615218.167282,0.000076708
experiment_name,4e71ea76-bd95-437f-9ca7-491552792300,function_execution_time,1773615218.154768,0.000081334
experiment_name,4e71ea76-bd95-437f-9ca7-491552792300,function_execution_time,1773615218.15519,0.000144209
experiment_name,8165a5a1-b4fb-4f83-89aa-88648de850db,function_execution_time,1773615218.151683,0.000111042
experiment_name,8165a5a1-b4fb-4f83-89aa-88648de850db,function_execution_time,1773615218.157939,0.000123125
experiment_name,b6bd7b02-0fac-4e2c-96da-52b22ddb56d7,function_execution_time,1773615218.157739,0.000142125
experiment_name,95631258-e395-4b43-8346-e0474150de00,function_execution_time,1773615218.160216,0.000149333
experiment_name,95631258-e395-4b43-8346-e0474150de00,function_execution_time,1773615218.160541,0.000131084
experiment_name,e1b0ba22-2945-4a4f-88d6-52a90c222d61,function_execution_time,1773615218.168476,0.000100666
experiment_name,e1b0ba22-2945-4a4f-88d6-52a90c222d61,function_execution_time,1773615218.168661,0.000084042
experiment_name,1a0bd4e2-ea07-4016-be32-e6bcfcf8afbf,function_execution_time,1773615218.153225,0.000079208
experiment_name,1a0bd4e2-ea07-4016-be32-e6bcfcf8afbf,function_execution_time,1773615218.153316,0.000077333
experiment_name,1a0bd4e2-ea07-4016-be32-e6bcfcf8afbf,function_execution_time,1773615218.153454,0.000134125
experiment_name,1a0bd4e2-ea07-4016-be32-e6bcfcf8afbf,function_execution_time,1773615218.15507,0.00023375
experiment_name,1a0bd4e2-ea07-4016-be32-e6bcfcf8afbf,function_execution_time,1773615218.15687,0.000198291
experiment_name,1a0bd4e2-ea07-4016-be32-e6bcfcf8afbf,function_execution_time,1773615218.167273,0.000110458
experiment_name,1a0bd4e2-ea07-4016-be32-e6bcfcf8afbf,function_execution_time,1773615218.168553,0.000076625
experiment_name,1a0bd4e2-ea07-4016-be32-e6bcfcf8afbf,function_execution_time,1773615218.171954,0.0001665
experiment_name,1a0bd4e2-ea07-4016-be32-e6bcfcf8afbf,function_execution_time,1773615218.173985,0.00011
experiment_name,1a0bd4e2-ea07-4016-be32-e6bcfcf8afbf,function_execution_time,1773615218.177378,0.000097916
experiment_name,f14f9aa5-a5ad-4a7b-961a-101016f0ff72,function_execution_time,1773615218.170777,0.000110666
experiment_name,f14f9aa5-a5ad-4a7b-961a-101016f0ff72,function_execution_time,1773615218.170966,0.000051125
experiment_name,542595c1-e57e-4134-b0ae-a0916064b16a,function_execution_time,1773615218.161925,0.000058708
experiment_name,542595c1-e57e-4134-b0ae-a0916064b16a,function_execution_time,1773615218.162135,0.0000715
experiment_name,87de5775-341d-4cc2-9b93-f0f9431f32f3,function_execution_time,1773615218.164871,0.000059583
experiment_name,87de5775-341d-4cc2-9b93-f0f9431f32f3,function_execution_time,1773615218.16505,0.000050458
experiment_name,d976a166-d368-4ad2-ad59-cf983f8b8480,function_execution_time,1773615218.177404,0.000089083
experiment_name,d976a166-d368-4ad2-ad59-cf983f8b8480,function_execution_time,1773615218.177639,0.000053375
experiment_name,2f1fb028-8f26-4cad-9540-b7a5d6b0575d,function_execution_time,1773615218.161034,0.0001115
experiment_name,2f1fb028-8f26-4cad-9540-b7a5d6b0575d,function_execution_time,1773615218.176132,0.000295875
experiment_name,a8e0bcc2-479a-4f29-9c61-80791c4c7fb9,function_execution_time,1773615218.16302,0.000247584
experiment_name,d7990f7d-d70f-4f02-926d-b1c9c3290953,function_execution_time,1773615218.163981,0.000074125
experiment_name,d7990f7d-d70f-4f02-926d-b1c9c3290953,function_execution_time,1773615218.164203,0.000071292
experiment_name,e7a3bfd0-bdf6-4fa8-8e8a-58dd4889b96c,function_execution_time,1773615218.158374,0.000199916
experiment_name,e7a3bfd0-bdf6-4fa8-8e8a-58dd4889b96c,function_execution_time,1773615218.175918,0.000154708
experiment_name,18cfd4c2-4dce-48f7-bfed-aee927897b88,function_execution_time,1773615218.154435,0.000062166
experiment_name,18cfd4c2-4dce-48f7-bfed-aee927897b88,function_execution_time,1773615218.158348,0.000146416
experiment_name,e21acd44-5527-4b97-874e-ad2a593cc032,function_execution_time,1773615218.160959,0.00006275
experiment_name,e21acd44-5527-4b97-874e-ad2a593cc032,function_execution_time,1773615218.161275,0.00006125
experiment_name,64bd5c1d-33bf-406b-877b-fafcc02d07f3,function_execution_time,1773615218.175241,0.000069625
experiment_name,64bd5c1d-33bf-406b-877b-fafcc02d07f3,function_execution_time,1773615218.175468,0.000063125
experiment_name,64bd5c1d-33bf-406b-877b-fafcc02d07f3,function_execution_time,1773615218.175493,0.000079417
experiment_name,64bd5c1d-33bf-406b-877b-fafcc02d07f3,function_execution_time,1773615218.175544,0.000080916
experiment_name,64bd5c1d-33bf-406b-877b-fafcc02d07f3,function_execution_time,1773615218.175569,0.000058083
experiment_name,64bd5c1d-33bf-406b-877b-fafcc02d07f3,function_execution_time,1773615218.175842,0.000071292
experiment_name,64bd5c1d-33bf-406b-877b-fafcc02d07f3,function_execution_time,1773615218.17586,0.000076
experiment_name,64bd5c1d-33bf-406b-877b-fafcc02d07f3,function_execution_time,1773615218.175879,0.000091667
experiment_name,64bd5c1d-33bf-406b-877b-fafcc02d07f3,function_execution_time,1773615218.17591,0.000138292
experiment_name,64bd5c1d-33bf-406b-877b-fafcc02d07f3,function_execution_time,1773615218.178106,0.0000695
experiment_name,5831cd6d-c6e5-4536-8461-dfa9f1ba7bdb,function_execution_time,1773615218.150834,0.000099792
experiment_name,5831cd6d-c6e5-4536-8461-dfa9f1ba7bdb,function_execution_time,1773615218.153566,0.000178167
experiment_name,5d4d22d6-9941-455c-a086-59a42f92b466,function_execution_time,1773615218.176202,0.000283417
experiment_name,5d4d22d6-9941-455c-a086-59a42f92b466,function_execution_time,1773615218.176444,0.00017125
experiment_name,53ed4873-4b47-4d6b-ba47-cb48454b7ce3,function_transfer_time,1773615218.144288,0.000073
experiment_name,53ed4873-4b47-4d6b-ba47-cb48454b7ce3,function_transfer_time,1773615218.156823,0.000119
experiment_name,a8e0bcc2-479a-4f29-9c61-80791c4c7fb9,function_transfer_time,1773615218.16275,0.000044
experiment_name,7f38c67b-1075-4212-a423-0fe2205fa14d,function_transfer_time,1773615218.163438,0.000488
experiment_name,1da6175a-5fbc-4112-a728-d38f55f7e4ad,function_transfer_time,1773615218.148713,0.000015
experiment_name,1da6175a-5fbc-4112-a728-d38f55f7e4ad,function_transfer_time,1773615218.175851,0.00038
experiment_name,f74a31cf-5dcb-44a2-91c7-8d28ed5f5ab0,function_transfer_time,1773615218.163739,0.000052
experiment_name,f74a31cf-5dcb-44a2-91c7-8d28ed5f5ab0,function_transfer_time,1773615218.163932,0.000044
experiment_name,ba4cf564-3f75-43d4-8ab0-d86642807ec3,function_transfer_time,1773615218.148066,0.000017
experiment_name,ba4cf564-3f75-43d4-8ab0-d86642807ec3,function_transfer_time,1773615218.157193,0.000037
experiment_name,992c3542-1568-4efd-9d10-04accf329035,function_transfer_time,1773615218.147659,0.000028
experiment_name,992c3542-1568-4efd-9d10-04accf329035,function_transfer_time,1773615218.157075,0.000048
experiment_name,b26c74ed-8bd0-48a8-a0da-02eb4e9a8d04,function_transfer_time,1773615218.17721,0.000035
experiment_name,b26c74ed-8bd0-48a8-a0da-02eb4e9a8d04,function_transfer_time,1773615218.177397,0.000058
experiment_name,f14f9aa5-a5ad-4a7b-961a-101016f0ff72,function_transfer_time,1773615218.170651,0.000032
experiment_name,f14f9aa5-a5ad-4a7b-961a-101016f0ff72,function_transfer_time,1773615218.17094,0.000054
experiment_name,6b02d047-6803-410d-b50e-af824831f9da,function_transfer_time,1773615218.155464,0.00007
experiment_name,6b02d047-6803-410d-b50e-af824831f9da,function_transfer_time,1773615218.158405,0.000045
experiment_name,3aea3159-1f9d-4e6c-bcba-9fa94e4f612c,function_transfer_time,1773615218.154035,0.000016
experiment_name,3aea3159-1f9d-4e6c-bcba-9fa94e4f612c,function_transfer_time,1773615218.17589,0.000376
experiment_name,8de18212-5418-455c-b009-b06edce414b8,function_transfer_time,1773615218.166195,0.000011
experiment_name,8de18212-5418-455c-b009-b06edce414b8,function_transfer_time,1773615218.166874,0.000216
experiment_name,fa640699-fe2f-4b4c-b4c4-c257127229c3,function_transfer_time,1773615218.171544,0.000047
experiment_name,fa640699-fe2f-4b4c-b4c4-c257127229c3,function_transfer_time,1773615218.17207,0.000087
experiment_name,64bd5c1d-33bf-406b-877b-fafcc02d07f3,function_transfer_time,1773615218.17506,0.030555
experiment_name,64bd5c1d-33bf-406b-877b-fafcc02d07f3,function_transfer_time,1773615218.175446,0.026286
experiment_name,64bd5c1d-33bf-406b-877b-fafcc02d07f3,function_transfer_time,1773615218.175475,0.023166
experiment_name,64bd5c1d-33bf-406b-877b-fafcc02d07f3,function_transfer_time,1773615218.175501,0.021151
experiment_name,64bd5c1d-33bf-406b-877b-fafcc02d07f3,function_transfer_time,1773615218.175552,0.016975
experiment_name,64bd5c1d-33bf-406b-877b-fafcc02d07f3,function_transfer_time,1773615218.175577,0.016928
experiment_name,64bd5c1d-33bf-406b-877b-fafcc02d07f3,function_transfer_time,1773615218.175845,0.01443
experiment_name,64bd5c1d-33bf-406b-877b-fafcc02d07f3,function_transfer_time,1773615218.175863,0.005295
experiment_name,64bd5c1d-33bf-406b-877b-fafcc02d07f3,function_transfer_time,1773615218.175882,0.003194
experiment_name,64bd5c1d-33bf-406b-877b-fafcc02d07f3,function_transfer_time,1773615218.17801,0.000028
experiment_name,5d4d22d6-9941-455c-a086-59a42f92b466,function_transfer_time,1773615218.175933,0.000257
experiment_name,5d4d22d6-9941-455c-a086-59a42f92b466,function_transfer_time,1773615218.176271,0.000035
experiment_name,63f4156b-2d52-4151-9168-385e964c6194,function_transfer_time,1773615218.152006,0.000045
experiment_name,63f4156b-2d52-4151-9168-385e964c6194,function_transfer_time,1773615218.158015,0.000038
experiment_name,cb2341d4-97ee-4049-a33b-680d42954a08,function_transfer_time,1773615218.148809,0.000074
experiment_name,cb2341d4-97ee-4049-a33b-680d42954a08,function_transfer_time,1773615218.157335,0.000033
experiment_name,e4baa4e0-158b-411c-b609-0bf7a82eb5c9,function_transfer_time,1773615218.1695,0.000045
experiment_name,18cfd4c2-4dce-48f7-bfed-aee927897b88,function_transfer_time,1773615218.154388,0.000014
experiment_name,18cfd4c2-4dce-48f7-bfed-aee927897b88,function_transfer_time,1773615218.158173,0.000043
experiment_name,b05a4f2b-c1d9-41fa-b42d-feb9e258ea2c,function_transfer_time,1773615218.161067,0.000016
experiment_name,b05a4f2b-c1d9-41fa-b42d-feb9e258ea2c,function_transfer_time,1773615218.161312,0.000041
experiment_name,4e71ea76-bd95-437f-9ca7-491552792300,function_transfer_time,1773615218.154714,0.000012
experiment_name,4e71ea76-bd95-437f-9ca7-491552792300,function_transfer_time,1773615218.155025,0.000042
experiment_name,95631258-e395-4b43-8346-e0474150de00,function_transfer_time,1773615218.160085,0.000041
experiment_name,95631258-e395-4b43-8346-e0474150de00,function_transfer_time,1773615218.160408,0.000044
experiment_name,3c972060-947b-4030-a8f4-de8facea561e,function_transfer_time,1773615218.156476,0.000032
experiment_name,3c972060-947b-4030-a8f4-de8facea561e,function_transfer_time,1773615218.156829,0.000147
experiment_name,e3206d87-363e-4757-9fa5-9bba1c26a9fd,function_transfer_time,1773615218.168366,0.00005
experiment_name,e3206d87-363e-4757-9fa5-9bba1c26a9fd,function_transfer_time,1773615218.168624,0.000054
experiment_name,069cf96c-dddd-4230-85cc-82cf2b3ac8c8,function_transfer_time,1773615218.173781,0.000012
experiment_name,069cf96c-dddd-4230-85cc-82cf2b3ac8c8,function_transfer_time,1773615218.173993,0.000041
experiment_name,e7a3bfd0-bdf6-4fa8-8e8a-58dd4889b96c,function_transfer_time,1773615218.158143,0.00005
experiment_name,e7a3bfd0-bdf6-4fa8-8e8a-58dd4889b96c,function_transfer_time,1773615218.175901,0.000355
experiment_name,aff247c0-b411-4e6d-a8be-55c7043895a6,function_transfer_time,1773615218.1443,0.000124
experiment_name,aff247c0-b411-4e6d-a8be-55c7043895a6,function_transfer_time,1773615218.175583,0.00036
experiment_name,1a0bd4e2-ea07-4016-be32-e6bcfcf8afbf,function_transfer_time,1773615218.153194,0.002496
experiment_name,1a0bd4e2-ea07-4016-be32-e6bcfcf8afbf,function_transfer_time,1773615218.153255,0.002426
experiment_name,1a0bd4e2-ea07-4016-be32-e6bcfcf8afbf,function_transfer_time,1773615218.153325,0.001719
experiment_name,1a0bd4e2-ea07-4016-be32-e6bcfcf8afbf,function_transfer_time,1773615218.154829,0.00007
experiment_name,1a0bd4e2-ea07-4016-be32-e6bcfcf8afbf,function_transfer_time,1773615218.156555,0.000063
experiment_name,1a0bd4e2-ea07-4016-be32-e6bcfcf8afbf,function_transfer_time,1773615218.167133,0.000041
experiment_name,1a0bd4e2-ea07-4016-be32-e6bcfcf8afbf,function_transfer_time,1773615218.168498,0.000036
experiment_name,1a0bd4e2-ea07-4016-be32-e6bcfcf8afbf,function_transfer_time,1773615218.171781,0.000104
experiment_name,1a0bd4e2-ea07-4016-be32-e6bcfcf8afbf,function_transfer_time,1773615218.173859,0.000061
experiment_name,1a0bd4e2-ea07-4016-be32-e6bcfcf8afbf,function_transfer_time,1773615218.177301,0.000033
experiment_name,0e52d6b0-336b-4659-b60a-6cadb5034b6f,function_transfer_time,1773615218.151482,0.000035
experiment_name,0e52d6b0-336b-4659-b60a-6cadb5034b6f,function_transfer_time,1773615218.157677,0.000051
experiment_name,2f1fb028-8f26-4cad-9540-b7a5d6b0575d,function_transfer_time,1773615218.160947,0.000052
experiment_name,2f1fb028-8f26-4cad-9540-b7a5d6b0575d,function_transfer_time,1773615218.175915,0.000341
experiment_name,bf72a524-b058-481f-b395-614ff3dc14a4,function_transfer_time,1773615218.172986,0.000039
experiment_name,bf72a524-b058-481f-b395-614ff3dc14a4,function_transfer_time,1773615218.173201,0.00007
experiment_name,dd451806-195a-449f-a387-f0ae796ec57a,function_transfer_time,1773615218.156428,0.012166
experiment_name,dd451806-195a-449f-a387-f0ae796ec57a,function_transfer_time,1773615218.156503,0.012191
experiment_name,dd451806-195a-449f-a387-f0ae796ec57a,function_transfer_time,1773615218.15657,0.012214
experiment_name,dd451806-195a-449f-a387-f0ae796ec57a,function_transfer_time,1773615218.156753,0.009035
experiment_name,dd451806-195a-449f-a387-f0ae796ec57a,function_transfer_time,1773615218.157092,0.008957
experiment_name,dd451806-195a-449f-a387-f0ae796ec57a,function_transfer_time,1773615218.1572,0.008346
experiment_name,dd451806-195a-449f-a387-f0ae796ec57a,function_transfer_time,1773615218.15736,0.007992
experiment_name,dd451806-195a-449f-a387-f0ae796ec57a,function_transfer_time,1773615218.157526,0.005916
experiment_name,dd451806-195a-449f-a387-f0ae796ec57a,function_transfer_time,1773615218.157694,0.006021
experiment_name,dd451806-195a-449f-a387-f0ae796ec57a,function_transfer_time,1773615218.157818,0.005703
experiment_name,dd451806-195a-449f-a387-f0ae796ec57a,function_transfer_time,1773615218.158038,0.00361
experiment_name,dd451806-195a-449f-a387-f0ae796ec57a,function_transfer_time,1773615218.158249,0.002661
experiment_name,dd451806-195a-449f-a387-f0ae796ec57a,function_transfer_time,1773615218.160233,0.000042
experiment_name,dd451806-195a-449f-a387-f0ae796ec57a,function_transfer_time,1773615218.160964,0.000058
experiment_name,dd451806-195a-449f-a387-f0ae796ec57a,function_transfer_time,1773615218.161214,0.000091
experiment_name,dd451806-195a-449f-a387-f0ae796ec57a,function_transfer_time,1773615218.161933,0.000036
experiment_name,dd451806-195a-449f-a387-f0ae796ec57a,function_transfer_time,1773615218.163813,0.000037
experiment_name,dd451806-195a-449f-a387-f0ae796ec57a,function_transfer_time,1773615218.164029,0.00006
experiment_name,dd451806-195a-449f-a387-f0ae796ec57a,function_transfer_time,1773615218.164892,0.000047
experiment_name,dd451806-195a-449f-a387-f0ae796ec57a,function_transfer_time,1773615218.166096,0.000061
experiment_name,dd451806-195a-449f-a387-f0ae796ec57a,function_transfer_time,1773615218.166335,0.000065
experiment_name,dd451806-195a-449f-a387-f0ae796ec57a,function_transfer_time,1773615218.167018,0.000049
experiment_name,dd451806-195a-449f-a387-f0ae796ec57a,function_transfer_time,1773615218.168491,0.000062
experiment_name,dd451806-195a-449f-a387-f0ae796ec57a,function_transfer_time,1773615218.170815,0.000057
experiment_name,dd451806-195a-449f-a387-f0ae796ec57a,function_transfer_time,1773615218.172379,0.000072
experiment_name,dd451806-195a-449f-a387-f0ae796ec57a,function_transfer_time,1773615218.173024,0.000035
experiment_name,dd451806-195a-449f-a387-f0ae796ec57a,function_transfer_time,1773615218.174058,0.000025
experiment_name,dd451806-195a-449f-a387-f0ae796ec57a,function_transfer_time,1773615218.176051,0.000143
experiment_name,dd451806-195a-449f-a387-f0ae796ec57a,function_transfer_time,1773615218.176135,0.00005
experiment_name,dd451806-195a-449f-a387-f0ae796ec57a,function_transfer_time,1773615218.177425,0.00005
experiment_name,8165a5a1-b4fb-4f83-89aa-88648de850db,function_transfer_time,1773615218.151613,0.000019
experiment_name,8165a5a1-b4fb-4f83-89aa-88648de850db,function_transfer_time,1773615218.157825,0.000038
experiment_name,13a6d8cd-7c5e-43d1-a0cf-56d0928f291b,function_transfer_time,1773615218.151924,0.000015
experiment_name,13a6d8cd-7c5e-43d1-a0cf-56d0928f291b,function_transfer_time,1773615218.175874,0.000388
experiment_name,e1b0ba22-2945-4a4f-88d6-52a90c222d61,function_transfer_time,1773615218.168381,0.000052
experiment_name,e1b0ba22-2945-4a4f-88d6-52a90c222d61,function_transfer_time,1773615218.168618,0.000052
experiment_name,2edc3a39-9fc0-4950-9765-8ee5ae985348,function_transfer_time,1773615218.169597,0.000054
experiment_name,d2722ea1-dded-426e-b471-f97a14d8f692,function_transfer_time,1773615218.16706,0.000023
experiment_name,d2722ea1-dded-426e-b471-f97a14d8f692,function_transfer_time,1773615218.167266,0.000053
experiment_name,d976a166-d368-4ad2-ad59-cf983f8b8480,function_transfer_time,1773615218.177387,0.000039
experiment_name,d976a166-d368-4ad2-ad59-cf983f8b8480,function_transfer_time,1773615218.177579,0.000031
experiment_name,eccc6feb-3501-4db5-aea1-9f66ba093b23,function_transfer_time,1773615218.172273,0.000015
experiment_name,eccc6feb-3501-4db5-aea1-9f66ba093b23,function_transfer_time,1773615218.172508,0.000064
experiment_name,745671d6-2fa8-4fac-9914-08ddd45fc6c3,function_transfer_time,1773615218.144182,0.000075
experiment_name,745671d6-2fa8-4fac-9914-08ddd45fc6c3,function_transfer_time,1773615218.156671,0.000078
experiment_name,d7d1913e-5b19-41e3-adc4-ac9033cb1a7b,function_transfer_time,1773615218.170135,0.000112
experiment_name,d7d1913e-5b19-41e3-adc4-ac9033cb1a7b,function_transfer_time,1773615218.17593,0.000283
experiment_name,87de5775-341d-4cc2-9b93-f0f9431f32f3,function_transfer_time,1773615218.164825,0.000038
experiment_name,87de5775-341d-4cc2-9b93-f0f9431f32f3,function_transfer_time,1773615218.164978,0.000037
experiment_name,d26fda33-f5ef-4caf-9b26-dc00557a9056,function_transfer_time,1773615218.150625,0.00015
experiment_name,d26fda33-f5ef-4caf-9b26-dc00557a9056,function_transfer_time,1773615218.153281,0.000077
experiment_name,e21acd44-5527-4b97-874e-ad2a593cc032,function_transfer_time,1773615218.160904,0.000017
experiment_name,e21acd44-5527-4b97-874e-ad2a593cc032,function_transfer_time,1773615218.161196,0.000026
experiment_name,5952bd85-159d-410e-942c-3be7b6e2239c,function_transfer_time,1773615218.17794,0.000021
experiment_name,5952bd85-159d-410e-942c-3be7b6e2239c,function_transfer_time,1773615218.17811,0.000027
experiment_name,6aa994fb-71e8-417f-b79a-c3178d3a3e4c,function_transfer_time,1773615218.166881,0.000408
experiment_name,6aa994fb-71e8-417f-b79a-c3178d3a3e4c,function_transfer_time,1773615218.167204,0.00004
experiment_name,54760961-15c5-4985-bd55-f130678ea9c6,function_transfer_time,1773615218.144163,0.000023
experiment_name,54760961-15c5-4985-bd55-f130678ea9c6,function_transfer_time,1773615218.156548,0.000083
experiment_name,2a58c921-1035-4f46-a872-378505c1bc7d,function_transfer_time,1773615218.158336,0.000157
experiment_name,2a58c921-1035-4f46-a872-378505c1bc7d,function_transfer_time,1773615218.175913,0.000383
experiment_name,9820302c-65f0-4698-b200-1bf7e0d014a9,function_transfer_time,1773615218.165902,0.000072
experiment_name,9820302c-65f0-4698-b200-1bf7e0d014a9,function_transfer_time,1773615218.16621,0.000145
experiment_name,1a48eb2f-d796-471b-a0d7-2f3ac897d906,function_transfer_time,1773615218.175885,0.000357
experiment_name,1a48eb2f-d796-471b-a0d7-2f3ac897d906,function_transfer_time,1773615218.176126,0.000031
experiment_name,542595c1-e57e-4134-b0ae-a0916064b16a,function_transfer_time,1773615218.161877,0.000026
experiment_name,542595c1-e57e-4134-b0ae-a0916064b16a,function_transfer_time,1773615218.162048,0.000048
experiment_name,d7990f7d-d70f-4f02-926d-b1c9c3290953,function_transfer_time,1773615218.163921,0.000011
experiment_name,d7990f7d-d70f-4f02-926d-b1c9c3290953,function_transfer_time,1773615218.164103,0.000036
experiment_name,5831cd6d-c6e5-4536-8461-dfa9f1ba7bdb,function_transfer_time,1773615218.150764,0.000089
experiment_name,5831cd6d-c6e5-4536-8461-dfa9f1ba7bdb,function_transfer_time,1773615218.153422,0.000081
experiment_name,e53e5a55-6712-4b39-8fc6-510942f121a4,function_transfer_time,1773615218.14931,0.000019
experiment_name,e53e5a55-6712-4b39-8fc6-510942f121a4,function_transfer_time,1773615218.15751,0.000039
experiment_name,616d0005-32de-4cd6-9239-6bc355cabc41,function_transfer_time,1773615218.17397,0.000054
experiment_name,616d0005-32de-4cd6-9239-6bc355cabc41,function_transfer_time,1773615218.174185,0.000039
experiment_name,68ba4c79-bb42-4cc0-8660-b4b32cc78fb0,function_transfer_time,1773615218.172307,0.000043
experiment_name,68ba4c79-bb42-4cc0-8660-b4b32cc78fb0,function_transfer_time,1773615218.175955,0.000262
experiment_name,b6bd7b02-0fac-4e2c-96da-52b22ddb56d7,function_transfer_time,1773615218.157572,0.000071
experiment_name,8f27df41-dd62-481b-8484-f1cb84727124,function_transfer_time,1773615218.157428,0.000022
experiment_name,3156f256-79f9-4ec7-9d86-b8824102ba58,function_transfer_time,1773615218.151527,0.000111
experiment_name,3156f256-79f9-4ec7-9d86-b8824102ba58,function_transfer_time,1773615218.1535,0.000118
experiment_name,b6bd7b02-0fac-4e2c-96da-52b22ddb56d7,function_execution_time,1773615219.16119,0.000317458
experiment_name,a8e0bcc2-479a-4f29-9c61-80791c4c7fb9,function_execution_time,1773615219.16478,0.00042575
experiment_name,7f38c67b-1075-4212-a423-0fe2205fa14d,function_execution_time,1773615219.164988,0.000274667
experiment_name,2edc3a39-9fc0-4950-9765-8ee5ae985348,function_execution_time,1773615219.172229,0.000287417
experiment_name,e4baa4e0-158b-411c-b609-0bf7a82eb5c9,function_execution_time,1773615219.172023,0.000465459
experiment_name,8f27df41-dd62-481b-8484-f1cb84727124,function_execution_time,1773615219.161016,0.0007
experiment_name,e4baa4e0-158b-411c-b609-0bf7a82eb5c9,function_transfer_time,1773615219.171539,0.000083
experiment_name,a8e0bcc2-479a-4f29-9c61-80791c4c7fb9,function_transfer_time,1773615219.164334,0.000084
experiment_name,b6bd7b02-0fac-4e2c-96da-52b22ddb56d7,function_transfer_time,1773615219.160852,0.000129
experiment_name,2edc3a39-9fc0-4950-9765-8ee5ae985348,function_transfer_time,1773615219.171922,0.00011
experiment_name,8f27df41-dd62-481b-8484-f1cb84727124,function_transfer_time,1773615219.160315,0.000249
experiment_name,7f38c67b-1075-4212-a423-0fe2205fa14d,function_transfer_time,1773615219.164694,0.000109
experiment_name,8f27df41-dd62-481b-8484-f1cb84727124,function_execution_time,1773615220.163879,0.000711375
experiment_name,8f27df41-dd62-481b-8484-f1cb84727124,function_execution_time,1773615221.167684,0.000983292
experiment_name,a8e0bcc2-479a-4f29-9c61-80791c4c7fb9,function_execution_time,1773615220.166454,0.000416125
experiment_name,a8e0bcc2-479a-4f29-9c61-80791c4c7fb9,function_execution_time,1773615221.167655,0.000895292
experiment_name,2edc3a39-9fc0-4950-9765-8ee5ae985348,function_execution_time,1773615220.173858,0.000287791
experiment_name,2edc3a39-9fc0-4950-9765-8ee5ae985348,function_execution_time,1773615221.176415,0.000239875
experiment_name,b6bd7b02-0fac-4e2c-96da-52b22ddb56d7,function_execution_time,1773615220.164048,0.000358125
experiment_name,b6bd7b02-0fac-4e2c-96da-52b22ddb56d7,function_execution_time,1773615221.168067,0.000632667
experiment_name,7f38c67b-1075-4212-a423-0fe2205fa14d,function_execution_time,1773615220.166669,0.000278583
experiment_name,7f38c67b-1075-4212-a423-0fe2205fa14d,function_execution_time,1773615221.167968,0.00054675
experiment_name,e4baa4e0-158b-411c-b609-0bf7a82eb5c9,function_execution_time,1773615220.173635,0.000401625
experiment_name,e4baa4e0-158b-411c-b609-0bf7a82eb5c9,function_execution_time,1773615221.176215,0.000466167
experiment_name,b6bd7b02-0fac-4e2c-96da-52b22ddb56d7,function_transfer_time,1773615220.163665,0.00012
experiment_name,b6bd7b02-0fac-4e2c-96da-52b22ddb56d7,function_transfer_time,1773615221.167471,0.000269
experiment_name,8f27df41-dd62-481b-8484-f1cb84727124,function_transfer_time,1773615220.163164,0.000211
experiment_name,8f27df41-dd62-481b-8484-f1cb84727124,function_transfer_time,1773615221.166652,0.000241
experiment_name,2edc3a39-9fc0-4950-9765-8ee5ae985348,function_transfer_time,1773615220.173546,0.000106
experiment_name,2edc3a39-9fc0-4950-9765-8ee5ae985348,function_transfer_time,1773615221.176165,0.000126
experiment_name,a8e0bcc2-479a-4f29-9c61-80791c4c7fb9,function_transfer_time,1773615220.16602,0.000077
experiment_name,a8e0bcc2-479a-4f29-9c61-80791c4c7fb9,function_transfer_time,1773615221.166697,0.000097
experiment_name,e4baa4e0-158b-411c-b609-0bf7a82eb5c9,function_transfer_time,1773615220.173216,0.000072
experiment_name,e4baa4e0-158b-411c-b609-0bf7a82eb5c9,function_transfer_time,1773615221.175757,0.000081
experiment_name,7f38c67b-1075-4212-a423-0fe2205fa14d,function_transfer_time,1773615220.166368,0.000105
experiment_name,7f38c67b-1075-4212-a423-0fe2205fa14d,function_transfer_time,1773615221.167445,0.000222
experiment_name,8f27df41-dd62-481b-8484-f1cb84727124,function_execution_time,1773615222.170049,0.001130042
experiment_name,8f27df41-dd62-481b-8484-f1cb84727124,function_execution_time,1773615223.173573,0.001170667
experiment_name,b6bd7b02-0fac-4e2c-96da-52b22ddb56d7,function_execution_time,1773615222.170215,0.000581458
experiment_name,b6bd7b02-0fac-4e2c-96da-52b22ddb56d7,function_execution_time,1773615223.173729,0.0005855
experiment_name,e4baa4e0-158b-411c-b609-0bf7a82eb5c9,function_execution_time,1773615222.17889,0.000529166
experiment_name,e4baa4e0-158b-411c-b609-0bf7a82eb5c9,function_execution_time,1773615223.181163,0.000639958
experiment_name,2edc3a39-9fc0-4950-9765-8ee5ae985348,function_execution_time,1773615222.179138,0.000337709
experiment_name,2edc3a39-9fc0-4950-9765-8ee5ae985348,function_execution_time,1773615223.181396,0.000354625
experiment_name,a8e0bcc2-479a-4f29-9c61-80791c4c7fb9,function_execution_time,1773615222.170018,0.001078666
experiment_name,a8e0bcc2-479a-4f29-9c61-80791c4c7fb9,function_execution_time,1773615223.173483,0.001004375
experiment_name,7f38c67b-1075-4212-a423-0fe2205fa14d,function_execution_time,1773615222.170249,0.000640208
experiment_name,7f38c67b-1075-4212-a423-0fe2205fa14d,function_execution_time,1773615223.173754,0.000684375
experiment_name,e4baa4e0-158b-411c-b609-0bf7a82eb5c9,function_transfer_time,1773615222.178338,0.000093
experiment_name,e4baa4e0-158b-411c-b609-0bf7a82eb5c9,function_transfer_time,1773615223.180508,0.000112
experiment_name,a8e0bcc2-479a-4f29-9c61-80791c4c7fb9,function_transfer_time,1773615222.168889,0.000181
experiment_name,a8e0bcc2-479a-4f29-9c61-80791c4c7fb9,function_transfer_time,1773615223.172448,0.000115
experiment_name,7f38c67b-1075-4212-a423-0fe2205fa14d,function_transfer_time,1773615222.169622,0.000207
experiment_name,7f38c67b-1075-4212-a423-0fe2205fa14d,function_transfer_time,1773615223.17316,0.000179
experiment_name,2edc3a39-9fc0-4950-9765-8ee5ae985348,function_transfer_time,1773615222.178774,0.000134
experiment_name,2edc3a39-9fc0-4950-9765-8ee5ae985348,function_transfer_time,1773615223.181013,0.000142
experiment_name,b6bd7b02-0fac-4e2c-96da-52b22ddb56d7,function_transfer_time,1773615222.169655,0.000246
experiment_name,b6bd7b02-0fac-4e2c-96da-52b22ddb56d7,function_transfer_time,1773615223.173189,0.000209
experiment_name,8f27df41-dd62-481b-8484-f1cb84727124,function_transfer_time,1773615222.168934,0.000208
experiment_name,8f27df41-dd62-481b-8484-f1cb84727124,function_transfer_time,1773615223.172404,0.000235
experiment_name,7f38c67b-1075-4212-a423-0fe2205fa14d,function_execution_time,1773615224.176515,0.000521167
experiment_name,7f38c67b-1075-4212-a423-0fe2205fa14d,function_execution_time,1773615225.17945,0.000409083
experiment_name,b6bd7b02-0fac-4e2c-96da-52b22ddb56d7,function_execution_time,1773615224.176445,0.000336667
experiment_name,b6bd7b02-0fac-4e2c-96da-52b22ddb56d7,function_execution_time,1773615225.179427,0.000476833
experiment_name,e4baa4e0-158b-411c-b609-0bf7a82eb5c9,function_execution_time,1773615224.182774,0.00041625
experiment_name,e4baa4e0-158b-411c-b609-0bf7a82eb5c9,function_execution_time,1773615225.184589,0.000458166
experiment_name,a8e0bcc2-479a-4f29-9c61-80791c4c7fb9,function_execution_time,1773615224.176193,0.000744375
experiment_name,a8e0bcc2-479a-4f29-9c61-80791c4c7fb9,function_execution_time,1773615225.17919,0.000800334
experiment_name,2edc3a39-9fc0-4950-9765-8ee5ae985348,function_execution_time,1773615224.182983,0.000270666
experiment_name,2edc3a39-9fc0-4950-9765-8ee5ae985348,function_execution_time,1773615225.184815,0.000300875
experiment_name,8f27df41-dd62-481b-8484-f1cb84727124,function_execution_time,1773615224.176166,0.000717875
experiment_name,8f27df41-dd62-481b-8484-f1cb84727124,function_execution_time,1773615225.179218,0.000842625
experiment_name,e4baa4e0-158b-411c-b609-0bf7a82eb5c9,function_transfer_time,1773615224.182342,0.000079
experiment_name,e4baa4e0-158b-411c-b609-0bf7a82eb5c9,function_transfer_time,1773615225.184129,0.000081
experiment_name,a8e0bcc2-479a-4f29-9c61-80791c4c7fb9,function_transfer_time,1773615224.175522,0.000181
experiment_name,a8e0bcc2-479a-4f29-9c61-80791c4c7fb9,function_transfer_time,1773615225.178444,0.000184
experiment_name,7f38c67b-1075-4212-a423-0fe2205fa14d,function_transfer_time,1773615224.175963,0.000112
experiment_name,7f38c67b-1075-4212-a423-0fe2205fa14d,function_transfer_time,1773615225.179107,0.000246
experiment_name,b6bd7b02-0fac-4e2c-96da-52b22ddb56d7,function_transfer_time,1773615224.176136,0.000222
experiment_name,b6bd7b02-0fac-4e2c-96da-52b22ddb56d7,function_transfer_time,1773615225.1789,0.000122
experiment_name,2edc3a39-9fc0-4950-9765-8ee5ae985348,function_transfer_time,1773615224.182693,0.000116
experiment_name,2edc3a39-9fc0-4950-9765-8ee5ae985348,function_transfer_time,1773615225.184514,0.000109
experiment_name,8f27df41-dd62-481b-8484-f1cb84727124,function_transfer_time,1773615224.175477,0.000198
experiment_name,8f27df41-dd62-481b-8484-f1cb84727124,function_transfer_time,1773615225.1784,0.000202
experiment_name,2edc3a39-9fc0-4950-9765-8ee5ae985348,function_execution_time,1773615226.187599,0.000271875
experiment_name,2edc3a39-9fc0-4950-9765-8ee5ae985348,function_execution_time,1773615227.189045,0.000251125
experiment_name,7f38c67b-1075-4212-a423-0fe2205fa14d,function_execution_time,1773615226.182107,0.000410542
experiment_name,7f38c67b-1075-4212-a423-0fe2205fa14d,function_execution_time,1773615227.184759,0.000178834
experiment_name,b6bd7b02-0fac-4e2c-96da-52b22ddb56d7,function_execution_time,1773615226.182272,0.000456416
experiment_name,b6bd7b02-0fac-4e2c-96da-52b22ddb56d7,function_execution_time,1773615227.184746,0.000202417
experiment_name,e4baa4e0-158b-411c-b609-0bf7a82eb5c9,function_execution_time,1773615226.187404,0.000424667
experiment_name,e4baa4e0-158b-411c-b609-0bf7a82eb5c9,function_execution_time,1773615227.188892,0.000471083
experiment_name,a8e0bcc2-479a-4f29-9c61-80791c4c7fb9,function_execution_time,1773615226.181893,0.000682959
experiment_name,a8e0bcc2-479a-4f29-9c61-80791c4c7fb9,function_execution_time,1773615227.184426,0.000525208
experiment_name,8f27df41-dd62-481b-8484-f1cb84727124,function_execution_time,1773615226.18192,0.000753583
experiment_name,8f27df41-dd62-481b-8484-f1cb84727124,function_execution_time,1773615227.184402,0.0005035
experiment_name,a8e0bcc2-479a-4f29-9c61-80791c4c7fb9,function_transfer_time,1773615226.181165,0.000191
experiment_name,a8e0bcc2-479a-4f29-9c61-80791c4c7fb9,function_transfer_time,1773615227.183914,0.000179
experiment_name,2edc3a39-9fc0-4950-9765-8ee5ae985348,function_transfer_time,1773615226.187308,0.000104
experiment_name,2edc3a39-9fc0-4950-9765-8ee5ae985348,function_transfer_time,1773615227.188779,0.000102
experiment_name,8f27df41-dd62-481b-8484-f1cb84727124,function_transfer_time,1773615226.181214,0.000163
experiment_name,8f27df41-dd62-481b-8484-f1cb84727124,function_transfer_time,1773615227.183879,0.00016
experiment_name,e4baa4e0-158b-411c-b609-0bf7a82eb5c9,function_transfer_time,1773615226.186963,0.000077
experiment_name,e4baa4e0-158b-411c-b609-0bf7a82eb5c9,function_transfer_time,1773615227.188406,0.000081
experiment_name,7f38c67b-1075-4212-a423-0fe2205fa14d,function_transfer_time,1773615226.181683,0.000121
experiment_name,7f38c67b-1075-4212-a423-0fe2205fa14d,function_transfer_time,1773615227.184734,0.000387
experiment_name,b6bd7b02-0fac-4e2c-96da-52b22ddb56d7,function_transfer_time,1773615226.181823,0.000244
experiment_name,b6bd7b02-0fac-4e2c-96da-52b22ddb56d7,function_transfer_time,1773615227.184437,0.000257
experiment_name,8f27df41-dd62-481b-8484-f1cb84727124,function_execution_time,1773615228.186897,0.000745917
experiment_name,8f27df41-dd62-481b-8484-f1cb84727124,function_execution_time,1773615229.189396,0.001237
experiment_name,2edc3a39-9fc0-4950-9765-8ee5ae985348,function_execution_time,1773615228.19128,0.000261958
experiment_name,2edc3a39-9fc0-4950-9765-8ee5ae985348,function_execution_time,1773615229.192297,0.00014425
experiment_name,b6bd7b02-0fac-4e2c-96da-52b22ddb56d7,function_execution_time,1773615228.187102,0.000417667
experiment_name,b6bd7b02-0fac-4e2c-96da-52b22ddb56d7,function_execution_time,1773615229.189557,0.000597709
experiment_name,e4baa4e0-158b-411c-b609-0bf7a82eb5c9,function_execution_time,1773615228.19109,0.000416125
experiment_name,e4baa4e0-158b-411c-b609-0bf7a82eb5c9,function_execution_time,1773615229.192193,0.000255667
experiment_name,a8e0bcc2-479a-4f29-9c61-80791c4c7fb9,function_execution_time,1773615228.186924,0.000785583
experiment_name,a8e0bcc2-479a-4f29-9c61-80791c4c7fb9,function_execution_time,1773615229.189343,0.001073291
experiment_name,7f38c67b-1075-4212-a423-0fe2205fa14d,function_execution_time,1773615228.187072,0.000404792
experiment_name,7f38c67b-1075-4212-a423-0fe2205fa14d,function_execution_time,1773615229.189542,0.000618291
experiment_name,b6bd7b02-0fac-4e2c-96da-52b22ddb56d7,function_transfer_time,1773615228.18672,0.00017
experiment_name,b6bd7b02-0fac-4e2c-96da-52b22ddb56d7,function_transfer_time,1773615229.188998,0.000302
experiment_name,e4baa4e0-158b-411c-b609-0bf7a82eb5c9,function_transfer_time,1773615228.190658,0.000079
experiment_name,e4baa4e0-158b-411c-b609-0bf7a82eb5c9,function_transfer_time,1773615229.191924,0.000068
experiment_name,2edc3a39-9fc0-4950-9765-8ee5ae985348,function_transfer_time,1773615228.190999,0.000101
experiment_name,2edc3a39-9fc0-4950-9765-8ee5ae985348,function_transfer_time,1773615229.192137,0.000062
experiment_name,7f38c67b-1075-4212-a423-0fe2205fa14d,function_transfer_time,1773615228.186687,0.000144
experiment_name,7f38c67b-1075-4212-a423-0fe2205fa14d,function_transfer_time,1773615229.188972,0.000248
experiment_name,8f27df41-dd62-481b-8484-f1cb84727124,function_transfer_time,1773615228.186125,0.000179
experiment_name,8f27df41-dd62-481b-8484-f1cb84727124,function_transfer_time,1773615229.1882,0.000189
experiment_name,a8e0bcc2-479a-4f29-9c61-80791c4c7fb9,function_transfer_time,1773615228.186168,0.000196
experiment_name,a8e0bcc2-479a-4f29-9c61-80791c4c7fb9,function_transfer_time,1773615229.188241,0.000168
experiment_name,7f38c67b-1075-4212-a423-0fe2205fa14d,function_execution_time,1773615230.191945,0.000470792
experiment_name,7f38c67b-1075-4212-a423-0fe2205fa14d,function_execution_time,1773615231.195266,0.000682209
experiment_name,b6bd7b02-0fac-4e2c-96da-52b22ddb56d7,function_execution_time,1773615230.191912,0.000412833
experiment_name,b6bd7b02-0fac-4e2c-96da-52b22ddb56d7,function_execution_time,1773615231.195241,0.000753667
experiment_name,2edc3a39-9fc0-4950-9765-8ee5ae985348,function_execution_time,1773615230.193829,0.000261334
experiment_name,2edc3a39-9fc0-4950-9765-8ee5ae985348,function_execution_time,1773615231.195882,0.000378083
experiment_name,a8e0bcc2-479a-4f29-9c61-80791c4c7fb9,function_execution_time,1773615230.191697,0.000778166
experiment_name,a8e0bcc2-479a-4f29-9c61-80791c4c7fb9,function_execution_time,1773615231.194987,0.001125042
experiment_name,8f27df41-dd62-481b-8484-f1cb84727124,function_execution_time,1773615230.191668,0.00075225
experiment_name,8f27df41-dd62-481b-8484-f1cb84727124,function_execution_time,1773615231.194886,0.001057959
experiment_name,e4baa4e0-158b-411c-b609-0bf7a82eb5c9,function_execution_time,1773615230.193636,0.0004015
experiment_name,e4baa4e0-158b-411c-b609-0bf7a82eb5c9,function_execution_time,1773615231.195594,0.000846416
experiment_name,2edc3a39-9fc0-4950-9765-8ee5ae985348,function_transfer_time,1773615230.193546,0.000103
experiment_name,2edc3a39-9fc0-4950-9765-8ee5ae985348,function_transfer_time,1773615231.195479,0.000125
experiment_name,a8e0bcc2-479a-4f29-9c61-80791c4c7fb9,function_transfer_time,1773615230.190893,0.000175
experiment_name,a8e0bcc2-479a-4f29-9c61-80791c4c7fb9,function_transfer_time,1773615231.193892,0.000174
experiment_name,8f27df41-dd62-481b-8484-f1cb84727124,function_transfer_time,1773615230.190937,0.00019
experiment_name,8f27df41-dd62-481b-8484-f1cb84727124,function_transfer_time,1773615231.193852,0.000198
experiment_name,7f38c67b-1075-4212-a423-0fe2205fa14d,function_transfer_time,1773615230.191534,0.000152
experiment_name,7f38c67b-1075-4212-a423-0fe2205fa14d,function_transfer_time,1773615231.194534,0.000269
experiment_name,b6bd7b02-0fac-4e2c-96da-52b22ddb56d7,function_transfer_time,1773615230.191564,0.000178
experiment_name,b6bd7b02-0fac-4e2c-96da-52b22ddb56d7,function_transfer_time,1773615231.194437,0.000156
experiment_name,e4baa4e0-158b-411c-b609-0bf7a82eb5c9,function_transfer_time,1773615230.193216,0.000077
experiment_name,e4baa4e0-158b-411c-b609-0bf7a82eb5c9,function_transfer_time,1773615231.194786,0.000191
experiment_name,7f38c67b-1075-4212-a423-0fe2205fa14d,function_execution_time,1773615232.198849,0.000491291
experiment_name,7f38c67b-1075-4212-a423-0fe2205fa14d,function_execution_time,1773615233.202034,0.000383375
experiment_name,b6bd7b02-0fac-4e2c-96da-52b22ddb56d7,function_execution_time,1773615232.198802,0.000638042
experiment_name,b6bd7b02-0fac-4e2c-96da-52b22ddb56d7,function_execution_time,1773615233.201663,0.000690334
experiment_name,e4baa4e0-158b-411c-b609-0bf7a82eb5c9,function_execution_time,1773615232.198569,0.00102375
experiment_name,e4baa4e0-158b-411c-b609-0bf7a82eb5c9,function_execution_time,1773615233.201229,0.001287833
experiment_name,a8e0bcc2-479a-4f29-9c61-80791c4c7fb9,function_execution_time,1773615232.198458,0.00103125
experiment_name,a8e0bcc2-479a-4f29-9c61-80791c4c7fb9,function_execution_time,1773615233.201521,0.001571458
experiment_name,2edc3a39-9fc0-4950-9765-8ee5ae985348,function_execution_time,1773615232.198827,0.000465292
experiment_name,2edc3a39-9fc0-4950-9765-8ee5ae985348,function_execution_time,1773615233.201887,0.000456667
experiment_name,8f27df41-dd62-481b-8484-f1cb84727124,function_execution_time,1773615232.198416,0.000961541
experiment_name,8f27df41-dd62-481b-8484-f1cb84727124,function_execution_time,1773615233.201257,0.001295917
experiment_name,2edc3a39-9fc0-4950-9765-8ee5ae985348,function_transfer_time,1773615232.198392,0.00041
experiment_name,2edc3a39-9fc0-4950-9765-8ee5ae985348,function_transfer_time,1773615233.201501,0.000605
experiment_name,a8e0bcc2-479a-4f29-9c61-80791c4c7fb9,function_transfer_time,1773615232.197461,0.000151
experiment_name,a8e0bcc2-479a-4f29-9c61-80791c4c7fb9,function_transfer_time,1773615233.200424,0.000193
experiment_name,8f27df41-dd62-481b-8484-f1cb84727124,function_transfer_time,1773615232.197444,0.000171
experiment_name,8f27df41-dd62-481b-8484-f1cb84727124,function_transfer_time,1773615233.200366,0.000172
experiment_name,e4baa4e0-158b-411c-b609-0bf7a82eb5c9,function_transfer_time,1773615232.197366,0.000186
experiment_name,e4baa4e0-158b-411c-b609-0bf7a82eb5c9,function_transfer_time,1773615233.199976,0.000141
experiment_name,7f38c67b-1075-4212-a423-0fe2205fa14d,function_transfer_time,1773615232.198442,0.000477
experiment_name,7f38c67b-1075-4212-a423-0fe2205fa14d,function_transfer_time,1773615233.201642,0.000825
experiment_name,b6bd7b02-0fac-4e2c-96da-52b22ddb56d7,function_transfer_time,1773615232.198365,0.000224
experiment_name,b6bd7b02-0fac-4e2c-96da-52b22ddb56d7,function_transfer_time,1773615233.201045,0.000143
experiment_name,b6bd7b02-0fac-4e2c-96da-52b22ddb56d7,function_execution_time,1773615234.204379,0.000456875
experiment_name,b6bd7b02-0fac-4e2c-96da-52b22ddb56d7,function_execution_time,1773615235.207821,0.001055875
experiment_name,e4baa4e0-158b-411c-b609-0bf7a82eb5c9,function_execution_time,1773615234.204127,0.001021666
experiment_name,e4baa4e0-158b-411c-b609-0bf7a82eb5c9,function_execution_time,1773615235.207198,0.00119025
experiment_name,7f38c67b-1075-4212-a423-0fe2205fa14d,function_execution_time,1773615234.20431,0.0004345
experiment_name,7f38c67b-1075-4212-a423-0fe2205fa14d,function_execution_time,1773615235.207846,0.001006125
experiment_name,8f27df41-dd62-481b-8484-f1cb84727124,function_execution_time,1773615234.204148,0.001066292
experiment_name,8f27df41-dd62-481b-8484-f1cb84727124,function_execution_time,1773615235.207453,0.001484416
experiment_name,a8e0bcc2-479a-4f29-9c61-80791c4c7fb9,function_execution_time,1773615234.204085,0.000849459
experiment_name,a8e0bcc2-479a-4f29-9c61-80791c4c7fb9,function_execution_time,1773615235.207426,0.001416708
experiment_name,2edc3a39-9fc0-4950-9765-8ee5ae985348,function_execution_time,1773615234.204495,0.000310791
experiment_name,2edc3a39-9fc0-4950-9765-8ee5ae985348,function_execution_time,1773615235.207835,0.001088083
experiment_name,e4baa4e0-158b-411c-b609-0bf7a82eb5c9,function_transfer_time,1773615234.203091,0.000131
experiment_name,e4baa4e0-158b-411c-b609-0bf7a82eb5c9,function_transfer_time,1773615235.206053,0.00017
experiment_name,b6bd7b02-0fac-4e2c-96da-52b22ddb56d7,function_transfer_time,1773615234.20411,0.000348
experiment_name,b6bd7b02-0fac-4e2c-96da-52b22ddb56d7,function_transfer_time,1773615235.207,0.000201
experiment_name,2edc3a39-9fc0-4950-9765-8ee5ae985348,function_transfer_time,1773615234.204169,0.00057
experiment_name,2edc3a39-9fc0-4950-9765-8ee5ae985348,function_transfer_time,1773615235.206914,0.000234
experiment_name,7f38c67b-1075-4212-a423-0fe2205fa14d,function_transfer_time,1773615234.204056,0.000307
experiment_name,7f38c67b-1075-4212-a423-0fe2205fa14d,function_transfer_time,1773615235.20702,0.000244
experiment_name,a8e0bcc2-479a-4f29-9c61-80791c4c7fb9,function_transfer_time,1773615234.203047,0.000179
experiment_name,a8e0bcc2-479a-4f29-9c61-80791c4c7fb9,function_transfer_time,1773615235.206009,0.000156
experiment_name,8f27df41-dd62-481b-8484-f1cb84727124,function_transfer_time,1773615234.203107,0.000173
experiment_name,8f27df41-dd62-481b-8484-f1cb84727124,function_transfer_time,1773615235.20607,0.000137
experiment_name,8f27df41-dd62-481b-8484-f1cb84727124,function_execution_time,1773615236.209665,0.0009755
experiment_name,8f27df41-dd62-481b-8484-f1cb84727124,function_execution_time,1773615237.212019,0.000557333
experiment_name,a8e0bcc2-479a-4f29-9c61-80791c4c7fb9,function_execution_time,1773615236.209696,0.000980166
experiment_name,a8e0bcc2-479a-4f29-9c61-80791c4c7fb9,function_execution_time,1773615237.211996,0.000539791
experiment_name,b6bd7b02-0fac-4e2c-96da-52b22ddb56d7,function_execution_time,1773615236.209866,0.000569166
experiment_name,b6bd7b02-0fac-4e2c-96da-52b22ddb56d7,function_execution_time,1773615237.212186,0.000164042
experiment_name,2edc3a39-9fc0-4950-9765-8ee5ae985348,function_execution_time,1773615236.209964,0.000423125
experiment_name,2edc3a39-9fc0-4950-9765-8ee5ae985348,function_execution_time,1773615237.212174,0.000160708
experiment_name,7f38c67b-1075-4212-a423-0fe2205fa14d,function_execution_time,1773615236.210044,0.000596625
experiment_name,7f38c67b-1075-4212-a423-0fe2205fa14d,function_execution_time,1773615237.212063,0.000173542
experiment_name,e4baa4e0-158b-411c-b609-0bf7a82eb5c9,function_execution_time,1773615236.209941,0.00136125
experiment_name,e4baa4e0-158b-411c-b609-0bf7a82eb5c9,function_execution_time,1773615237.212009,0.000555291
experiment_name,a8e0bcc2-479a-4f29-9c61-80791c4c7fb9,function_transfer_time,1773615236.208787,0.000251
experiment_name,a8e0bcc2-479a-4f29-9c61-80791c4c7fb9,function_transfer_time,1773615237.211453,0.00011
experiment_name,8f27df41-dd62-481b-8484-f1cb84727124,function_transfer_time,1773615236.208687,0.000169
experiment_name,8f27df41-dd62-481b-8484-f1cb84727124,function_transfer_time,1773615237.211425,0.000144
experiment_name,e4baa4e0-158b-411c-b609-0bf7a82eb5c9,function_transfer_time,1773615236.208763,0.000211
experiment_name,e4baa4e0-158b-411c-b609-0bf7a82eb5c9,function_transfer_time,1773615237.211461,0.000161
experiment_name,b6bd7b02-0fac-4e2c-96da-52b22ddb56d7,function_transfer_time,1773615236.209245,0.000127
experiment_name,b6bd7b02-0fac-4e2c-96da-52b22ddb56d7,function_transfer_time,1773615237.212028,0.000227
experiment_name,7f38c67b-1075-4212-a423-0fe2205fa14d,function_transfer_time,1773615236.209415,0.000295
experiment_name,7f38c67b-1075-4212-a423-0fe2205fa14d,function_transfer_time,1773615237.211983,0.000103
experiment_name,2edc3a39-9fc0-4950-9765-8ee5ae985348,function_transfer_time,1773615236.2096,0.000405
experiment_name,2edc3a39-9fc0-4950-9765-8ee5ae985348,function_transfer_time,1773615237.212035,0.000228
experiment_name,a8e0bcc2-479a-4f29-9c61-80791c4c7fb9,function_execution_time,1773615238.21521,0.001037333
experiment_name,a8e0bcc2-479a-4f29-9c61-80791c4c7fb9,function_execution_time,1773615239.219033,0.001227875
experiment_name,b6bd7b02-0fac-4e2c-96da-52b22ddb56d7,function_execution_time,1773615238.215765,0.0005965
experiment_name,b6bd7b02-0fac-4e2c-96da-52b22ddb56d7,function_execution_time,1773615239.219052,0.000520208
experiment_name,2edc3a39-9fc0-4950-9765-8ee5ae985348,function_execution_time,1773615238.215471,0.000656958
experiment_name,2edc3a39-9fc0-4950-9765-8ee5ae985348,function_execution_time,1773615239.219351,0.000245084
experiment_name,e4baa4e0-158b-411c-b609-0bf7a82eb5c9,function_execution_time,1773615238.215185,0.001009667
experiment_name,e4baa4e0-158b-411c-b609-0bf7a82eb5c9,function_execution_time,1773615239.219013,0.00122325
experiment_name,7f38c67b-1075-4212-a423-0fe2205fa14d,function_execution_time,1773615238.21566,0.000568167
experiment_name,7f38c67b-1075-4212-a423-0fe2205fa14d,function_execution_time,1773615239.21897,0.000447375
experiment_name,8f27df41-dd62-481b-8484-f1cb84727124,function_execution_time,1773615238.215438,0.001374
experiment_name,8f27df41-dd62-481b-8484-f1cb84727124,function_execution_time,1773615239.218993,0.001189834
experiment_name,e4baa4e0-158b-411c-b609-0bf7a82eb5c9,function_transfer_time,1773615238.214147,0.000203
experiment_name,e4baa4e0-158b-411c-b609-0bf7a82eb5c9,function_transfer_time,1773615239.217887,0.000209
experiment_name,2edc3a39-9fc0-4950-9765-8ee5ae985348,function_transfer_time,1773615238.214849,0.000151
experiment_name,2edc3a39-9fc0-4950-9765-8ee5ae985348,function_transfer_time,1773615239.219072,0.000818
experiment_name,8f27df41-dd62-481b-8484-f1cb84727124,function_transfer_time,1773615238.214164,0.000143
experiment_name,8f27df41-dd62-481b-8484-f1cb84727124,function_transfer_time,1773615239.217778,0.000218
experiment_name,b6bd7b02-0fac-4e2c-96da-52b22ddb56d7,function_transfer_time,1773615238.215233,0.000495
experiment_name,b6bd7b02-0fac-4e2c-96da-52b22ddb56d7,function_transfer_time,1773615239.218952,0.000247
experiment_name,7f38c67b-1075-4212-a423-0fe2205fa14d,function_transfer_time,1773615238.21516,0.00041
experiment_name,7f38c67b-1075-4212-a423-0fe2205fa14d,function_transfer_time,1773615239.218932,0.000167
experiment_name,a8e0bcc2-479a-4f29-9c61-80791c4c7fb9,function_transfer_time,1773615238.214103,0.000179
experiment_name,a8e0bcc2-479a-4f29-9c61-80791c4c7fb9,function_transfer_time,1773615239.217905,0.000188
experiment_name,a8e0bcc2-479a-4f29-9c61-80791c4c7fb9,function_execution_time,1773615240.221603,0.000903042
experiment_name,a8e0bcc2-479a-4f29-9c61-80791c4c7fb9,function_execution_time,1773615241.224418,0.000815333
experiment_name,8f27df41-dd62-481b-8484-f1cb84727124,function_execution_time,1773615240.221482,0.000669459
experiment_name,8f27df41-dd62-481b-8484-f1cb84727124,function_execution_time,1773615241.224647,0.001187167
experiment_name,7f38c67b-1075-4212-a423-0fe2205fa14d,function_execution_time,1773615240.221867,0.000483416
experiment_name,7f38c67b-1075-4212-a423-0fe2205fa14d,function_execution_time,1773615241.224926,0.000737375
experiment_name,e4baa4e0-158b-411c-b609-0bf7a82eb5c9,function_execution_time,1773615240.221507,0.000717625
experiment_name,e4baa4e0-158b-411c-b609-0bf7a82eb5c9,function_execution_time,1773615241.224623,0.001181875
experiment_name,2edc3a39-9fc0-4950-9765-8ee5ae985348,function_execution_time,1773615240.221949,0.000550958
experiment_name,2edc3a39-9fc0-4950-9765-8ee5ae985348,function_execution_time,1773615241.225037,0.000857208
experiment_name,b6bd7b02-0fac-4e2c-96da-52b22ddb56d7,function_execution_time,1773615240.221783,0.000505209
experiment_name,b6bd7b02-0fac-4e2c-96da-52b22ddb56d7,function_execution_time,1773615241.225062,0.000805166
experiment_name,63f4156b-2d52-4151-9168-385e964c6194,function_stop_time,1773615241.576339,0.000028458
experiment_name,e53e5a55-6712-4b39-8fc6-510942f121a4,function_stop_time,1773615241.604663,0.000022792
experiment_name,53ed4873-4b47-4d6b-ba47-cb48454b7ce3,function_stop_time,1773615241.567294,0.000095917
experiment_name,e3206d87-363e-4757-9fa5-9bba1c26a9fd,function_stop_time,1773615241.611952,0.000022875
experiment_name,cb2341d4-97ee-4049-a33b-680d42954a08,function_stop_time,1773615241.601519,0.000087458
experiment_name,87de5775-341d-4cc2-9b93-f0f9431f32f3,function_stop_time,1773615241.613096,0.000017791
experiment_name,745671d6-2fa8-4fac-9914-08ddd45fc6c3,function_stop_time,1773615241.569855,0.000034667
experiment_name,0e52d6b0-336b-4659-b60a-6cadb5034b6f,function_stop_time,1773615241.609576,0.000017166
experiment_name,95631258-e395-4b43-8346-e0474150de00,function_stop_time,1773615241.572438,0.000033833
experiment_name,b6bd7b02-0fac-4e2c-96da-52b22ddb56d7,function_stop_time,1773615241.622079,0.000021584
experiment_name,dd451806-195a-449f-a387-f0ae796ec57a,function_stop_time,1773615241.580187,0.00005575
experiment_name,6aa994fb-71e8-417f-b79a-c3178d3a3e4c,function_stop_time,1773615241.574458,0.000068625
experiment_name,f74a31cf-5dcb-44a2-91c7-8d28ed5f5ab0,function_stop_time,1773615241.615414,0.000023125
experiment_name,8f27df41-dd62-481b-8484-f1cb84727124,function_stop_time,1773615241.624011,0.0000185
experiment_name,d7990f7d-d70f-4f02-926d-b1c9c3290953,function_stop_time,1773615241.595865,0.000020458
experiment_name,ba4cf564-3f75-43d4-8ab0-d86642807ec3,function_stop_time,1773615241.623167,0.000018708
experiment_name,eccc6feb-3501-4db5-aea1-9f66ba093b23,function_stop_time,1773615241.564603,0.000075333
experiment_name,616d0005-32de-4cd6-9239-6bc355cabc41,function_stop_time,1773615241.597246,0.000020541
experiment_name,542595c1-e57e-4134-b0ae-a0916064b16a,function_stop_time,1773615241.614244,0.000017458
experiment_name,9820302c-65f0-4698-b200-1bf7e0d014a9,function_stop_time,1773615241.608389,0.00001625
experiment_name,1a48eb2f-d796-471b-a0d7-2f3ac897d906,function_stop_time,1773615241.620967,0.000018584
experiment_name,e21acd44-5527-4b97-874e-ad2a593cc032,function_stop_time,1773615241.607182,0.000017
experiment_name,b05a4f2b-c1d9-41fa-b42d-feb9e258ea2c,function_stop_time,1773615241.618763,0.00002425
experiment_name,d976a166-d368-4ad2-ad59-cf983f8b8480,function_stop_time,1773615241.605927,0.000019917
experiment_name,6b02d047-6803-410d-b50e-af824831f9da,function_stop_time,1773615241.603373,0.000037
experiment_name,bf72a524-b058-481f-b395-614ff3dc14a4,function_stop_time,1773615241.619874,0.000024833
experiment_name,18cfd4c2-4dce-48f7-bfed-aee927897b88,function_stop_time,1773615241.616524,0.000018333
experiment_name,f14f9aa5-a5ad-4a7b-961a-101016f0ff72,function_stop_time,1773615241.59455,0.000030166
experiment_name,8de18212-5418-455c-b009-b06edce414b8,function_stop_time,1773615241.62462,0.000016458
experiment_name,8165a5a1-b4fb-4f83-89aa-88648de850db,function_stop_time,1773615241.578289,0.00003
experiment_name,5d4d22d6-9941-455c-a086-59a42f92b466,function_stop_time,1773615241.610732,0.000016167
experiment_name,54760961-15c5-4985-bd55-f130678ea9c6,function_stop_time,1773615241.61765,0.000016875
experiment_name,992c3542-1568-4efd-9d10-04accf329035,function_stop_time,1773615241.599492,0.00007975
experiment_name,2edc3a39-9fc0-4950-9765-8ee5ae985348,function_transfer_time,1773615240.221442,0.000231
experiment_name,2edc3a39-9fc0-4950-9765-8ee5ae985348,function_transfer_time,1773615241.224288,0.000216
experiment_name,a8e0bcc2-479a-4f29-9c61-80791c4c7fb9,function_transfer_time,1773615240.220772,0.000138
experiment_name,a8e0bcc2-479a-4f29-9c61-80791c4c7fb9,function_transfer_time,1773615241.223466,0.000131
experiment_name,7f38c67b-1075-4212-a423-0fe2205fa14d,function_transfer_time,1773615240.221422,0.0003
experiment_name,7f38c67b-1075-4212-a423-0fe2205fa14d,function_transfer_time,1773615241.224266,0.000222
experiment_name,e4baa4e0-158b-411c-b609-0bf7a82eb5c9,function_transfer_time,1773615240.220723,0.000157
experiment_name,e4baa4e0-158b-411c-b609-0bf7a82eb5c9,function_transfer_time,1773615241.223426,0.00017
experiment_name,b6bd7b02-0fac-4e2c-96da-52b22ddb56d7,function_transfer_time,1773615240.221267,0.000183
experiment_name,b6bd7b02-0fac-4e2c-96da-52b22ddb56d7,function_transfer_time,1773615241.224351,0.000246
experiment_name,8f27df41-dd62-481b-8484-f1cb84727124,function_transfer_time,1773615240.220756,0.000106
experiment_name,8f27df41-dd62-481b-8484-f1cb84727124,function_transfer_time,1773615241.223482,0.000174
