my-first-one,identifier,metric,timestamp,value
experiment_name,0acc6686-3814-4168-b93f-801bff5390bb,function_instantiate_time,1773616347.970319,3.276469584
experiment_name,81e18bed-d41b-4b13-8946-3396ff8407bf,function_instantiate_time,1773616347.986199,3.2804795
experiment_name,92f897d5-60dd-4cb1-9af3-aec3f4a08bd6,function_instantiate_time,1773616347.967259,3.251454292
experiment_name,a6dff983-037e-469f-b0de-da2e571347f0,function_instantiate_time,1773616347.961197,3.248692083
experiment_name,14153bbb-e6ee-4a8b-a61e-9095c120d02d,function_instantiate_time,1773616347.961175,3.252303417
experiment_name,81baa9d8-93ab-4cb8-9581-0b2ef3950372,function_instantiate_time,1773616348.015473,3.350931417
experiment_name,184d185e-60f5-4ad3-b118-bdfb1c8e914b,function_instantiate_time,1773616347.969027,3.272406708
experiment_name,93192cfc-0a75-49f7-91e8-1069fbb29aa6,function_instantiate_time,1773616348.017439,3.358788417
experiment_name,8f65d815-a574-41ca-840d-9f899c114950,function_instantiate_time,1773616348.017424,3.355925416
experiment_name,a19482d1-a0a5-458e-bce3-561d8a57acc6,function_instantiate_time,1773616348.015692,3.309882709
experiment_name,0d227220-e793-4967-a93d-56b872b7b5d9,function_instantiate_time,1773616347.961517,3.242903625
experiment_name,faa48687-2062-482b-bb54-53347c2ebab8,function_instantiate_time,1773616348.003231,3.299347334
experiment_name,81baa9d8-93ab-4cb8-9581-0b2ef3950372,function_init_time,1773616348.01554,0.000066458
experiment_name,a6dff983-037e-469f-b0de-da2e571347f0,function_init_time,1773616347.961329,0.000156625
experiment_name,14153bbb-e6ee-4a8b-a61e-9095c120d02d,function_init_time,1773616347.961268,0.000103125
experiment_name,0d227220-e793-4967-a93d-56b872b7b5d9,function_init_time,1773616347.961571,0.000059958
experiment_name,184d185e-60f5-4ad3-b118-bdfb1c8e914b,function_init_time,1773616347.969118,0.000089459
experiment_name,0acc6686-3814-4168-b93f-801bff5390bb,function_init_time,1773616347.972437,0.000126333
experiment_name,8f65d815-a574-41ca-840d-9f899c114950,function_init_time,1773616348.017446,0.000059167
experiment_name,faa48687-2062-482b-bb54-53347c2ebab8,function_init_time,1773616348.00325,0.000214875
experiment_name,81e18bed-d41b-4b13-8946-3396ff8407bf,function_init_time,1773616347.986211,0.000125
experiment_name,92f897d5-60dd-4cb1-9af3-aec3f4a08bd6,function_init_time,1773616347.967272,0.000138458
experiment_name,93192cfc-0a75-49f7-91e8-1069fbb29aa6,function_init_time,1773616348.017497,0.000061917
experiment_name,a19482d1-a0a5-458e-bce3-561d8a57acc6,function_init_time,1773616348.01582,0.000129709
experiment_name,a6dff983-037e-469f-b0de-da2e571347f0,function_execution_time,1773616347.961549,0.000191459
experiment_name,0d227220-e793-4967-a93d-56b872b7b5d9,function_execution_time,1773616347.961715,0.000096083
experiment_name,0acc6686-3814-4168-b93f-801bff5390bb,function_execution_time,1773616347.976003,0.0002115
experiment_name,8f65d815-a574-41ca-840d-9f899c114950,function_execution_time,1773616348.017598,0.000095875
experiment_name,8f65d815-a574-41ca-840d-9f899c114950,function_execution_time,1773616348.018193,0.000163708
experiment_name,93192cfc-0a75-49f7-91e8-1069fbb29aa6,function_execution_time,1773616348.017735,0.000211125
experiment_name,93192cfc-0a75-49f7-91e8-1069fbb29aa6,function_execution_time,1773616348.018399,0.000135167
experiment_name,81baa9d8-93ab-4cb8-9581-0b2ef3950372,function_execution_time,1773616348.018052,0.000354792
experiment_name,81baa9d8-93ab-4cb8-9581-0b2ef3950372,function_execution_time,1773616348.018253,0.000184541
experiment_name,14153bbb-e6ee-4a8b-a61e-9095c120d02d,function_execution_time,1773616347.961424,0.00012675
experiment_name,a19482d1-a0a5-458e-bce3-561d8a57acc6,function_execution_time,1773616348.016024,0.000160875
experiment_name,92f897d5-60dd-4cb1-9af3-aec3f4a08bd6,function_execution_time,1773616347.96779,0.000239958
experiment_name,81e18bed-d41b-4b13-8946-3396ff8407bf,function_execution_time,1773616347.996727,0.0002375
experiment_name,faa48687-2062-482b-bb54-53347c2ebab8,function_execution_time,1773616348.004416,0.000129542
experiment_name,81baa9d8-93ab-4cb8-9581-0b2ef3950372,function_transfer_time,1773616348.017703,0.000098
experiment_name,81baa9d8-93ab-4cb8-9581-0b2ef3950372,function_transfer_time,1773616348.018067,0.00037
experiment_name,92f897d5-60dd-4cb1-9af3-aec3f4a08bd6,function_transfer_time,1773616347.96754,0.00036
experiment_name,0d227220-e793-4967-a93d-56b872b7b5d9,function_transfer_time,1773616347.961582,0.00002
experiment_name,faa48687-2062-482b-bb54-53347c2ebab8,function_transfer_time,1773616348.004394,0.00451
experiment_name,81e18bed-d41b-4b13-8946-3396ff8407bf,function_transfer_time,1773616347.996715,0.010237
experiment_name,93192cfc-0a75-49f7-91e8-1069fbb29aa6,function_transfer_time,1773616348.017584,0.000081
experiment_name,93192cfc-0a75-49f7-91e8-1069fbb29aa6,function_transfer_time,1773616348.018248,0.000064
experiment_name,0acc6686-3814-4168-b93f-801bff5390bb,function_transfer_time,1773616347.975984,0.005261
experiment_name,14153bbb-e6ee-4a8b-a61e-9095c120d02d,function_transfer_time,1773616347.961294,0.000043
experiment_name,a19482d1-a0a5-458e-bce3-561d8a57acc6,function_transfer_time,1773616348.015856,0.000044
experiment_name,a6dff983-037e-469f-b0de-da2e571347f0,function_transfer_time,1773616347.96134,0.000101
experiment_name,8f65d815-a574-41ca-840d-9f899c114950,function_transfer_time,1773616348.017517,0.000055
experiment_name,8f65d815-a574-41ca-840d-9f899c114950,function_transfer_time,1773616348.018025,0.000123
experiment_name,b9ab3313-ab83-41d3-955e-b78f50283a8e,function_instantiate_time,1773616348.085229,3.872044333
experiment_name,45b5627d-5d82-4e45-8f15-ae82a37584b1,function_instantiate_time,1773616348.077834,3.801689167
experiment_name,bde0739a-6211-4399-9390-a9934d6d54fa,function_instantiate_time,1773616348.053076,0.090818667
experiment_name,3ec83f68-bd86-4813-8a09-5066952b2138,function_instantiate_time,1773616348.084771,3.862694916
experiment_name,9f2a3b8b-da67-401f-8022-e1d9d7e4ad95,function_instantiate_time,1773616348.053085,3.398882708
experiment_name,f06ac20e-db7a-4dc6-bc90-c0fc25299a17,function_instantiate_time,1773616348.07258,3.430871125
experiment_name,37c96ca8-f7db-4dda-87e8-97186dc7b4bc,function_instantiate_time,1773616348.071935,3.748674834
experiment_name,a5807a57-99a5-4063-8284-a2dc8de32806,function_instantiate_time,1773616348.075035,3.787685416
experiment_name,6e47d0b8-7c05-4b6d-ad78-cc0495aec7df,function_instantiate_time,1773616348.052984,3.750395834
experiment_name,fbf6bb99-ce23-4235-95e2-6d17ebc3d28e,function_instantiate_time,1773616348.084871,3.8655609589999997
experiment_name,66cd5788-e2fa-4259-bbc0-296a87cdd3fd,function_instantiate_time,1773616348.060152,3.749374708
experiment_name,00fbc9e8-18a2-434d-ab83-fbb0a576fd21,function_instantiate_time,1773616348.081617,3.838289125
experiment_name,22eb50c3-7824-4e77-bc68-d3c2ef61cd3a,function_instantiate_time,1773616348.084316,3.855962333
experiment_name,49595288-b798-4ebc-acc9-36a948035338,function_instantiate_time,1773616348.052677,3.734366125
experiment_name,196dc1b3-b88f-48df-b559-6b399e1a5803,function_instantiate_time,1773616348.084878,3.904272958
experiment_name,817afe31-1b45-4bc7-8e81-ffd119c1bfbf,function_instantiate_time,1773616348.082319,3.847271375
experiment_name,e3399173-4982-472d-9e28-baba6bf2cfd7,function_instantiate_time,1773616348.053066,3.74745475
experiment_name,6ae498d6-0c9b-49e9-9e8e-6f0c1c92709c,function_instantiate_time,1773616348.053087,3.725596917
experiment_name,4d288bb6-8fb7-497e-90fb-2172045276c1,function_instantiate_time,1773616348.081896,3.835851667
experiment_name,079a4cc8-8581-4469-b90a-da899b63862d,function_instantiate_time,1773616348.052957,3.714948916
experiment_name,8e35e3dd-9f30-40b5-b704-4d1027862940,function_instantiate_time,1773616348.063366,3.74304075
experiment_name,373cfcc8-885c-4c22-bc2a-f37695e9e649,function_instantiate_time,1773616348.071928,3.739308459
experiment_name,3733a83b-2d5d-4d55-b96e-a61250c6b3c0,function_instantiate_time,1773616348.052708,3.742997375
experiment_name,9533cca1-3e26-4b90-a749-1e419a15d1a3,function_instantiate_time,1773616348.084751,3.912490125
experiment_name,1e752b9c-f52e-42e6-9746-331810bdf45c,function_instantiate_time,1773616348.080845,3.81616625
experiment_name,304715fa-69e8-44aa-8ff4-24d9f662bf68,function_instantiate_time,1773616348.084778,3.8850571670000003
experiment_name,efbc5e4e-c3e2-4bc4-8fc4-d57d195f32c5,function_instantiate_time,1773616348.084313,3.859470833
experiment_name,74bf3762-1b55-44eb-a9c4-6fa2d070ec17,function_instantiate_time,1773616348.051583,3.395721625
experiment_name,c42de8f0-62f7-419f-9280-6cbe2e20d70b,function_instantiate_time,1773616348.062233,3.426279791
experiment_name,38359053-f5a9-4570-b06a-2abca679dba6,function_instantiate_time,1773616348.077641,3.798746792
experiment_name,10bfeb99-24bf-44d3-a3b0-2bbd2b2a68af,function_instantiate_time,1773616348.080734,3.9111408340000002
experiment_name,f79f2164-f4ca-4a2d-b3e9-bdd0375decd7,function_instantiate_time,1773616348.079712,3.811989417
experiment_name,4e2614c2-7612-458b-b13e-fb2c8faaa57f,function_instantiate_time,1773616348.051624,3.401693625
experiment_name,b3f57ab7-1b64-4893-92b7-a10728c1f4b4,function_instantiate_time,1773616348.084367,3.893262875
experiment_name,0b64d0b3-9183-4fc5-824e-316b62f02844,function_instantiate_time,1773616348.085544,3.875736958
experiment_name,ef4f03c7-333a-4f7f-8912-d16ad25eac06,function_instantiate_time,1773616348.061864,3.744412875
experiment_name,b247a06d-dd15-4913-aa01-dd09cb3cfe32,function_instantiate_time,1773616348.083151,3.845466083
experiment_name,5fd2419a-1c89-43e7-8467-db07c6be9465,function_instantiate_time,1773616348.051647,3.409102875
experiment_name,b5c60898-9365-452f-aca6-95f9548ba820,function_instantiate_time,1773616348.080831,3.810322
experiment_name,0351e213-41d6-483e-89cf-edf7a5f794c8,function_instantiate_time,1773616348.052953,3.420735584
experiment_name,8e8573e2-6075-45cd-8e0d-418f7523938f,function_instantiate_time,1773616348.082386,3.9215579590000003
experiment_name,9dec58d3-71d6-4a18-a7b4-737d374460e9,function_instantiate_time,1773616348.051636,3.717779125
experiment_name,3210df7d-6e71-4c3d-a61c-49785bf50521,function_instantiate_time,1773616348.06243,3.406566666
experiment_name,785105d3-6bbf-4139-a5da-94291411d776,function_instantiate_time,1773616348.085226,3.876150666
experiment_name,cd98c6a9-9ca1-48bf-baad-39f14a0dea98,function_instantiate_time,1773616348.082868,3.8509293749999998
experiment_name,f2794710-3bca-4736-9b56-25236428f9de,function_instantiate_time,1773616348.078462,3.793725083
experiment_name,a9e4300f-9631-4eae-88ca-e5e0b8d5bb3d,function_instantiate_time,1773616348.052697,3.7595322920000003
experiment_name,51662004-37b0-48ad-90fe-e647cde78151,function_instantiate_time,1773616348.085402,3.869618
experiment_name,b5bd8af8-9e3b-4c3e-809b-b695402614dd,function_instantiate_time,1773616348.08231,3.841802541
experiment_name,ef7233bf-19f1-4349-8a4b-09e1a642755b,function_instantiate_time,1773616348.062119,3.41479925
experiment_name,e2c5398a-972a-4c5e-bd77-ffcdd1a793fc,function_instantiate_time,1773616348.079884,3.79820675
experiment_name,8b03f70e-c616-4694-85e2-53d12351c62b,function_instantiate_time,1773616348.078385,3.805130084
experiment_name,58826cb6-19b3-4d89-b5cb-6522f7462114,function_instantiate_time,1773616348.05824,3.425217417
experiment_name,73f6736d-5e2e-4a35-b608-cca6993bae6d,function_instantiate_time,1773616348.084765,3.896405875
experiment_name,079a4cc8-8581-4469-b90a-da899b63862d,function_init_time,1773616348.052969,0.000047167
experiment_name,785105d3-6bbf-4139-a5da-94291411d776,function_init_time,1773616348.085547,0.000414625
experiment_name,37c96ca8-f7db-4dda-87e8-97186dc7b4bc,function_init_time,1773616348.072136,0.000151416
experiment_name,ef7233bf-19f1-4349-8a4b-09e1a642755b,function_init_time,1773616348.062121,0.000069958
experiment_name,304715fa-69e8-44aa-8ff4-24d9f662bf68,function_init_time,1773616348.084998,0.00021475
experiment_name,6e47d0b8-7c05-4b6d-ad78-cc0495aec7df,function_init_time,1773616348.052987,0.000050916
experiment_name,4e2614c2-7612-458b-b13e-fb2c8faaa57f,function_init_time,1773616348.051627,0.000058125
experiment_name,0b64d0b3-9183-4fc5-824e-316b62f02844,function_init_time,1773616348.085722,0.0002
experiment_name,a9e4300f-9631-4eae-88ca-e5e0b8d5bb3d,function_init_time,1773616348.052699,0.000046833
experiment_name,b3f57ab7-1b64-4893-92b7-a10728c1f4b4,function_init_time,1773616348.084395,0.000051209
experiment_name,e2c5398a-972a-4c5e-bd77-ffcdd1a793fc,function_init_time,1773616348.079978,0.00005075
experiment_name,45b5627d-5d82-4e45-8f15-ae82a37584b1,function_init_time,1773616348.077928,0.000071416
experiment_name,66cd5788-e2fa-4259-bbc0-296a87cdd3fd,function_init_time,1773616348.060246,0.000070166
experiment_name,b9ab3313-ab83-41d3-955e-b78f50283a8e,function_init_time,1773616348.085562,0.000384458
experiment_name,5fd2419a-1c89-43e7-8467-db07c6be9465,function_init_time,1773616348.05165,0.000044958
experiment_name,f2794710-3bca-4736-9b56-25236428f9de,function_init_time,1773616348.078516,0.000052458
experiment_name,10bfeb99-24bf-44d3-a3b0-2bbd2b2a68af,function_init_time,1773616348.080788,0.000051625
experiment_name,373cfcc8-885c-4c22-bc2a-f37695e9e649,function_init_time,1773616348.072034,0.000105208
experiment_name,c42de8f0-62f7-419f-9280-6cbe2e20d70b,function_init_time,1773616348.062263,0.000050584
experiment_name,f06ac20e-db7a-4dc6-bc90-c0fc25299a17,function_init_time,1773616348.072639,0.000046292
experiment_name,b247a06d-dd15-4913-aa01-dd09cb3cfe32,function_init_time,1773616348.083196,0.000042625
experiment_name,58826cb6-19b3-4d89-b5cb-6522f7462114,function_init_time,1773616348.058248,0.000091916
experiment_name,3ec83f68-bd86-4813-8a09-5066952b2138,function_init_time,1773616348.084884,0.000114208
experiment_name,9dec58d3-71d6-4a18-a7b4-737d374460e9,function_init_time,1773616348.051638,0.000056333
experiment_name,22eb50c3-7824-4e77-bc68-d3c2ef61cd3a,function_init_time,1773616348.08438,0.00005425
experiment_name,efbc5e4e-c3e2-4bc4-8fc4-d57d195f32c5,function_init_time,1773616348.08437,0.000054333
experiment_name,b5c60898-9365-452f-aca6-95f9548ba820,function_init_time,1773616348.08087,0.000051
experiment_name,817afe31-1b45-4bc7-8e81-ffd119c1bfbf,function_init_time,1773616348.082369,0.000055916
experiment_name,8e35e3dd-9f30-40b5-b704-4d1027862940,function_init_time,1773616348.063479,0.000119291
experiment_name,9f2a3b8b-da67-401f-8022-e1d9d7e4ad95,function_init_time,1773616348.053089,0.000052875
experiment_name,6ae498d6-0c9b-49e9-9e8e-6f0c1c92709c,function_init_time,1773616348.053183,0.000054458
experiment_name,f79f2164-f4ca-4a2d-b3e9-bdd0375decd7,function_init_time,1773616348.079756,0.000048333
experiment_name,1e752b9c-f52e-42e6-9746-331810bdf45c,function_init_time,1773616348.080915,0.000057291
experiment_name,8b03f70e-c616-4694-85e2-53d12351c62b,function_init_time,1773616348.078465,0.000062125
experiment_name,cd98c6a9-9ca1-48bf-baad-39f14a0dea98,function_init_time,1773616348.082907,0.000041042
experiment_name,38359053-f5a9-4570-b06a-2abca679dba6,function_init_time,1773616348.077724,0.000084375
experiment_name,9533cca1-3e26-4b90-a749-1e419a15d1a3,function_init_time,1773616348.084813,0.000092667
experiment_name,0351e213-41d6-483e-89cf-edf7a5f794c8,function_init_time,1773616348.052977,0.000173667
experiment_name,00fbc9e8-18a2-434d-ab83-fbb0a576fd21,function_init_time,1773616348.081658,0.00004175
experiment_name,e3399173-4982-472d-9e28-baba6bf2cfd7,function_init_time,1773616348.053068,0.000047542
experiment_name,74bf3762-1b55-44eb-a9c4-6fa2d070ec17,function_init_time,1773616348.051592,0.000103708
experiment_name,51662004-37b0-48ad-90fe-e647cde78151,function_init_time,1773616348.085623,0.000243667
experiment_name,ef4f03c7-333a-4f7f-8912-d16ad25eac06,function_init_time,1773616348.061992,0.000128084
experiment_name,49595288-b798-4ebc-acc9-36a948035338,function_init_time,1773616348.052682,0.0000435
experiment_name,196dc1b3-b88f-48df-b559-6b399e1a5803,function_init_time,1773616348.085217,0.000252834
experiment_name,3210df7d-6e71-4c3d-a61c-49785bf50521,function_init_time,1773616348.062444,0.000055291
experiment_name,4d288bb6-8fb7-497e-90fb-2172045276c1,function_init_time,1773616348.081937,0.000042916
experiment_name,8e8573e2-6075-45cd-8e0d-418f7523938f,function_init_time,1773616348.082475,0.000077709
experiment_name,fbf6bb99-ce23-4235-95e2-6d17ebc3d28e,function_init_time,1773616348.085201,0.000199417
experiment_name,bde0739a-6211-4399-9390-a9934d6d54fa,function_init_time,1773616348.053078,0.000043333
experiment_name,73f6736d-5e2e-4a35-b608-cca6993bae6d,function_init_time,1773616348.085362,0.000612583
experiment_name,3733a83b-2d5d-4d55-b96e-a61250c6b3c0,function_init_time,1773616348.052711,0.000044208
experiment_name,b5bd8af8-9e3b-4c3e-809b-b695402614dd,function_init_time,1773616348.082379,0.0000655
experiment_name,a5807a57-99a5-4063-8284-a2dc8de32806,function_init_time,1773616348.07508,0.000047
experiment_name,6ae498d6-0c9b-49e9-9e8e-6f0c1c92709c,function_execution_time,1773616348.053429,0.000691333
experiment_name,6ae498d6-0c9b-49e9-9e8e-6f0c1c92709c,function_execution_time,1773616348.054313,0.000064666
experiment_name,73f6736d-5e2e-4a35-b608-cca6993bae6d,function_execution_time,1773616348.085771,0.000343625
experiment_name,73f6736d-5e2e-4a35-b608-cca6993bae6d,function_execution_time,1773616348.086844,0.000251334
experiment_name,785105d3-6bbf-4139-a5da-94291411d776,function_execution_time,1773616348.085823,0.000277208
experiment_name,785105d3-6bbf-4139-a5da-94291411d776,function_execution_time,1773616348.086847,0.000109542
experiment_name,9f2a3b8b-da67-401f-8022-e1d9d7e4ad95,function_execution_time,1773616348.053459,0.000716292
experiment_name,9f2a3b8b-da67-401f-8022-e1d9d7e4ad95,function_execution_time,1773616348.054102,0.000152416
experiment_name,e2c5398a-972a-4c5e-bd77-ffcdd1a793fc,function_execution_time,1773616348.080095,0.000079208
experiment_name,e2c5398a-972a-4c5e-bd77-ffcdd1a793fc,function_execution_time,1773616348.080221,0.00006175
experiment_name,cd98c6a9-9ca1-48bf-baad-39f14a0dea98,function_execution_time,1773616348.083002,0.000072792
experiment_name,cd98c6a9-9ca1-48bf-baad-39f14a0dea98,function_execution_time,1773616348.08311,0.000052917
experiment_name,1e752b9c-f52e-42e6-9746-331810bdf45c,function_execution_time,1773616348.081017,0.000094541
experiment_name,1e752b9c-f52e-42e6-9746-331810bdf45c,function_execution_time,1773616348.081212,0.00005075
experiment_name,f79f2164-f4ca-4a2d-b3e9-bdd0375decd7,function_execution_time,1773616348.079852,0.000060917
experiment_name,f79f2164-f4ca-4a2d-b3e9-bdd0375decd7,function_execution_time,1773616348.080049,0.000058417
experiment_name,a9e4300f-9631-4eae-88ca-e5e0b8d5bb3d,function_execution_time,1773616348.053299,0.0006965
experiment_name,a9e4300f-9631-4eae-88ca-e5e0b8d5bb3d,function_execution_time,1773616348.054092,0.000111209
experiment_name,51662004-37b0-48ad-90fe-e647cde78151,function_execution_time,1773616348.085894,0.000247209
experiment_name,51662004-37b0-48ad-90fe-e647cde78151,function_execution_time,1773616348.08709,0.00011725
experiment_name,38359053-f5a9-4570-b06a-2abca679dba6,function_execution_time,1773616348.077921,0.000112209
experiment_name,38359053-f5a9-4570-b06a-2abca679dba6,function_execution_time,1773616348.078091,0.000099792
experiment_name,81baa9d8-93ab-4cb8-9581-0b2ef3950372,function_execution_time,1773616348.053493,0.000577916
experiment_name,81baa9d8-93ab-4cb8-9581-0b2ef3950372,function_execution_time,1773616348.053736,0.000101542
experiment_name,81baa9d8-93ab-4cb8-9581-0b2ef3950372,function_execution_time,1773616348.053759,0.0000935
experiment_name,81baa9d8-93ab-4cb8-9581-0b2ef3950372,function_execution_time,1773616348.053779,0.000079875
experiment_name,81baa9d8-93ab-4cb8-9581-0b2ef3950372,function_execution_time,1773616348.062547,0.000085417
experiment_name,81baa9d8-93ab-4cb8-9581-0b2ef3950372,function_execution_time,1773616348.062665,0.000072291
experiment_name,81baa9d8-93ab-4cb8-9581-0b2ef3950372,function_execution_time,1773616348.062793,0.000112708
experiment_name,81baa9d8-93ab-4cb8-9581-0b2ef3950372,function_execution_time,1773616348.072809,0.000074584
experiment_name,45b5627d-5d82-4e45-8f15-ae82a37584b1,function_execution_time,1773616348.078114,0.000136333
experiment_name,45b5627d-5d82-4e45-8f15-ae82a37584b1,function_execution_time,1773616348.078246,0.000056083
experiment_name,6e47d0b8-7c05-4b6d-ad78-cc0495aec7df,function_execution_time,1773616348.053374,0.000779084
experiment_name,6e47d0b8-7c05-4b6d-ad78-cc0495aec7df,function_execution_time,1773616348.054224,0.000083625
experiment_name,22eb50c3-7824-4e77-bc68-d3c2ef61cd3a,function_execution_time,1773616348.08524,0.000729792
experiment_name,22eb50c3-7824-4e77-bc68-d3c2ef61cd3a,function_execution_time,1773616348.086198,0.000146125
experiment_name,079a4cc8-8581-4469-b90a-da899b63862d,function_execution_time,1773616348.053502,0.000367667
experiment_name,079a4cc8-8581-4469-b90a-da899b63862d,function_execution_time,1773616348.053741,0.000100792
experiment_name,079a4cc8-8581-4469-b90a-da899b63862d,function_execution_time,1773616348.053767,0.000112583
experiment_name,079a4cc8-8581-4469-b90a-da899b63862d,function_execution_time,1773616348.053795,0.000071167
experiment_name,079a4cc8-8581-4469-b90a-da899b63862d,function_execution_time,1773616348.054077,0.000105709
experiment_name,079a4cc8-8581-4469-b90a-da899b63862d,function_execution_time,1773616348.054107,0.000173542
experiment_name,079a4cc8-8581-4469-b90a-da899b63862d,function_execution_time,1773616348.054198,0.000104041
experiment_name,079a4cc8-8581-4469-b90a-da899b63862d,function_execution_time,1773616348.060642,0.000088917
experiment_name,079a4cc8-8581-4469-b90a-da899b63862d,function_execution_time,1773616348.062482,0.000078792
experiment_name,079a4cc8-8581-4469-b90a-da899b63862d,function_execution_time,1773616348.063722,0.00007475
experiment_name,079a4cc8-8581-4469-b90a-da899b63862d,function_execution_time,1773616348.072297,0.000084708
experiment_name,079a4cc8-8581-4469-b90a-da899b63862d,function_execution_time,1773616348.072364,0.000084667
experiment_name,079a4cc8-8581-4469-b90a-da899b63862d,function_execution_time,1773616348.075297,0.000112208
experiment_name,079a4cc8-8581-4469-b90a-da899b63862d,function_execution_time,1773616348.077993,0.000104084
experiment_name,079a4cc8-8581-4469-b90a-da899b63862d,function_execution_time,1773616348.078189,0.000076542
experiment_name,079a4cc8-8581-4469-b90a-da899b63862d,function_execution_time,1773616348.078662,0.000093875
experiment_name,079a4cc8-8581-4469-b90a-da899b63862d,function_execution_time,1773616348.07882,0.000076208
experiment_name,079a4cc8-8581-4469-b90a-da899b63862d,function_execution_time,1773616348.08001,0.000081209
experiment_name,079a4cc8-8581-4469-b90a-da899b63862d,function_execution_time,1773616348.080168,0.000070375
experiment_name,079a4cc8-8581-4469-b90a-da899b63862d,function_execution_time,1773616348.081054,0.000078667
experiment_name,079a4cc8-8581-4469-b90a-da899b63862d,function_execution_time,1773616348.081137,0.000080875
experiment_name,079a4cc8-8581-4469-b90a-da899b63862d,function_execution_time,1773616348.081858,0.000066959
experiment_name,079a4cc8-8581-4469-b90a-da899b63862d,function_execution_time,1773616348.08208,0.000069375
experiment_name,079a4cc8-8581-4469-b90a-da899b63862d,function_execution_time,1773616348.082716,0.000122792
experiment_name,079a4cc8-8581-4469-b90a-da899b63862d,function_execution_time,1773616348.083053,0.000068792
experiment_name,079a4cc8-8581-4469-b90a-da899b63862d,function_execution_time,1773616348.083353,0.000065333
experiment_name,079a4cc8-8581-4469-b90a-da899b63862d,function_execution_time,1773616348.085336,0.000382875
experiment_name,079a4cc8-8581-4469-b90a-da899b63862d,function_execution_time,1773616348.085708,0.000357792
experiment_name,079a4cc8-8581-4469-b90a-da899b63862d,function_execution_time,1773616348.085956,0.000245583
experiment_name,079a4cc8-8581-4469-b90a-da899b63862d,function_execution_time,1773616348.086062,0.000090459
experiment_name,079a4cc8-8581-4469-b90a-da899b63862d,function_execution_time,1773616348.086227,0.0001645
experiment_name,079a4cc8-8581-4469-b90a-da899b63862d,function_execution_time,1773616348.086301,0.000074833
experiment_name,079a4cc8-8581-4469-b90a-da899b63862d,function_execution_time,1773616348.086382,0.000070167
experiment_name,079a4cc8-8581-4469-b90a-da899b63862d,function_execution_time,1773616348.086485,0.000099333
experiment_name,079a4cc8-8581-4469-b90a-da899b63862d,function_execution_time,1773616348.086571,0.0000795
experiment_name,079a4cc8-8581-4469-b90a-da899b63862d,function_execution_time,1773616348.086752,0.000172542
experiment_name,079a4cc8-8581-4469-b90a-da899b63862d,function_execution_time,1773616348.086916,0.000125084
experiment_name,079a4cc8-8581-4469-b90a-da899b63862d,function_execution_time,1773616348.086998,0.000088959
experiment_name,079a4cc8-8581-4469-b90a-da899b63862d,function_execution_time,1773616348.087086,0.00009775
experiment_name,efbc5e4e-c3e2-4bc4-8fc4-d57d195f32c5,function_execution_time,1773616348.084984,0.000527917
experiment_name,efbc5e4e-c3e2-4bc4-8fc4-d57d195f32c5,function_execution_time,1773616348.085409,0.000106542
experiment_name,4e2614c2-7612-458b-b13e-fb2c8faaa57f,function_execution_time,1773616348.053266,0.000778625
experiment_name,4e2614c2-7612-458b-b13e-fb2c8faaa57f,function_execution_time,1773616348.054088,0.00009925
experiment_name,b247a06d-dd15-4913-aa01-dd09cb3cfe32,function_execution_time,1773616348.083278,0.000070708
experiment_name,b247a06d-dd15-4913-aa01-dd09cb3cfe32,function_execution_time,1773616348.083438,0.0000855
experiment_name,0b64d0b3-9183-4fc5-824e-316b62f02844,function_execution_time,1773616348.0859,0.00012225
experiment_name,0b64d0b3-9183-4fc5-824e-316b62f02844,function_execution_time,1773616348.087163,0.000057416
experiment_name,bde0739a-6211-4399-9390-a9934d6d54fa,function_execution_time,1773616348.053326,0.00058675
experiment_name,58826cb6-19b3-4d89-b5cb-6522f7462114,function_execution_time,1773616348.05832,0.000105584
experiment_name,3733a83b-2d5d-4d55-b96e-a61250c6b3c0,function_execution_time,1773616348.05332,0.000758208
experiment_name,3733a83b-2d5d-4d55-b96e-a61250c6b3c0,function_execution_time,1773616348.054112,0.00007425
experiment_name,ef4f03c7-333a-4f7f-8912-d16ad25eac06,function_execution_time,1773616348.062244,0.000167375
experiment_name,ef4f03c7-333a-4f7f-8912-d16ad25eac06,function_execution_time,1773616348.062575,0.000059416
experiment_name,5fd2419a-1c89-43e7-8467-db07c6be9465,function_execution_time,1773616348.053213,0.000218083
experiment_name,5fd2419a-1c89-43e7-8467-db07c6be9465,function_execution_time,1773616348.053746,0.000092333
experiment_name,a5807a57-99a5-4063-8284-a2dc8de32806,function_execution_time,1773616348.075165,0.000063958
experiment_name,a5807a57-99a5-4063-8284-a2dc8de32806,function_execution_time,1773616348.075513,0.000174166
experiment_name,37c96ca8-f7db-4dda-87e8-97186dc7b4bc,function_execution_time,1773616348.072246,0.000078958
experiment_name,37c96ca8-f7db-4dda-87e8-97186dc7b4bc,function_execution_time,1773616348.072425,0.000061667
experiment_name,10bfeb99-24bf-44d3-a3b0-2bbd2b2a68af,function_execution_time,1773616348.082787,0.000181375
experiment_name,4d288bb6-8fb7-497e-90fb-2172045276c1,function_execution_time,1773616348.082038,0.000059625
experiment_name,4d288bb6-8fb7-497e-90fb-2172045276c1,function_execution_time,1773616348.082159,0.000074791
experiment_name,8b03f70e-c616-4694-85e2-53d12351c62b,function_execution_time,1773616348.078562,0.000081625
experiment_name,8b03f70e-c616-4694-85e2-53d12351c62b,function_execution_time,1773616348.07874,0.000069041
experiment_name,b5c60898-9365-452f-aca6-95f9548ba820,function_execution_time,1773616348.080973,0.000088916
experiment_name,b5c60898-9365-452f-aca6-95f9548ba820,function_execution_time,1773616348.081134,0.000069917
experiment_name,74bf3762-1b55-44eb-a9c4-6fa2d070ec17,function_execution_time,1773616348.053466,0.000660916
experiment_name,74bf3762-1b55-44eb-a9c4-6fa2d070ec17,function_execution_time,1773616348.054105,0.000099208
experiment_name,9dec58d3-71d6-4a18-a7b4-737d374460e9,function_execution_time,1773616348.053274,0.000650958
experiment_name,9dec58d3-71d6-4a18-a7b4-737d374460e9,function_execution_time,1773616348.053764,0.000085459
experiment_name,fbf6bb99-ce23-4235-95e2-6d17ebc3d28e,function_execution_time,1773616348.08561,0.00052475
experiment_name,fbf6bb99-ce23-4235-95e2-6d17ebc3d28e,function_execution_time,1773616348.086501,0.000102917
experiment_name,9533cca1-3e26-4b90-a749-1e419a15d1a3,function_execution_time,1773616348.085231,0.000415
experiment_name,9533cca1-3e26-4b90-a749-1e419a15d1a3,function_execution_time,1773616348.086217,0.000232208
experiment_name,373cfcc8-885c-4c22-bc2a-f37695e9e649,function_execution_time,1773616348.072208,0.000085583
experiment_name,373cfcc8-885c-4c22-bc2a-f37695e9e649,function_execution_time,1773616348.07234,0.000070417
experiment_name,b9ab3313-ab83-41d3-955e-b78f50283a8e,function_execution_time,1773616348.085857,0.000257917
experiment_name,b9ab3313-ab83-41d3-955e-b78f50283a8e,function_execution_time,1773616348.08699,0.000079583
experiment_name,8e35e3dd-9f30-40b5-b704-4d1027862940,function_execution_time,1773616348.063682,0.000148417
experiment_name,8e35e3dd-9f30-40b5-b704-4d1027862940,function_execution_time,1773616348.063845,0.000091667
experiment_name,49595288-b798-4ebc-acc9-36a948035338,function_execution_time,1773616348.053285,0.000693666
experiment_name,49595288-b798-4ebc-acc9-36a948035338,function_execution_time,1773616348.054083,0.000089917
experiment_name,0351e213-41d6-483e-89cf-edf7a5f794c8,function_execution_time,1773616348.053316,0.000716375
experiment_name,3ec83f68-bd86-4813-8a09-5066952b2138,function_execution_time,1773616348.085496,0.00052475
experiment_name,3ec83f68-bd86-4813-8a09-5066952b2138,function_execution_time,1773616348.086275,0.000083042
experiment_name,e3399173-4982-472d-9e28-baba6bf2cfd7,function_execution_time,1773616348.053409,0.000717125
experiment_name,e3399173-4982-472d-9e28-baba6bf2cfd7,function_execution_time,1773616348.054218,0.000082
experiment_name,304715fa-69e8-44aa-8ff4-24d9f662bf68,function_execution_time,1773616348.08557,0.000488917
experiment_name,304715fa-69e8-44aa-8ff4-24d9f662bf68,function_execution_time,1773616348.086405,0.000067083
experiment_name,66cd5788-e2fa-4259-bbc0-296a87cdd3fd,function_execution_time,1773616348.060589,0.000223375
experiment_name,66cd5788-e2fa-4259-bbc0-296a87cdd3fd,function_execution_time,1773616348.060695,0.000053833
experiment_name,f06ac20e-db7a-4dc6-bc90-c0fc25299a17,function_execution_time,1773616348.07272,0.00006725
experiment_name,f06ac20e-db7a-4dc6-bc90-c0fc25299a17,function_execution_time,1773616348.072914,0.000057083
experiment_name,817afe31-1b45-4bc7-8e81-ffd119c1bfbf,function_execution_time,1773616348.082612,0.00017925
experiment_name,817afe31-1b45-4bc7-8e81-ffd119c1bfbf,function_execution_time,1773616348.082807,0.000075125
experiment_name,f2794710-3bca-4736-9b56-25236428f9de,function_execution_time,1773616348.078732,0.00013975
experiment_name,f2794710-3bca-4736-9b56-25236428f9de,function_execution_time,1773616348.078862,0.000054542
experiment_name,196dc1b3-b88f-48df-b559-6b399e1a5803,function_execution_time,1773616348.085661,0.00039775
experiment_name,196dc1b3-b88f-48df-b559-6b399e1a5803,function_execution_time,1773616348.086712,0.000187542
experiment_name,3210df7d-6e71-4c3d-a61c-49785bf50521,function_execution_time,1773616348.062562,0.000071834
experiment_name,3210df7d-6e71-4c3d-a61c-49785bf50521,function_execution_time,1773616348.062881,0.000056334
experiment_name,b3f57ab7-1b64-4893-92b7-a10728c1f4b4,function_execution_time,1773616348.084979,0.00054875
experiment_name,b3f57ab7-1b64-4893-92b7-a10728c1f4b4,function_execution_time,1773616348.085874,0.0001495
experiment_name,c42de8f0-62f7-419f-9280-6cbe2e20d70b,function_execution_time,1773616348.062522,0.000070292
experiment_name,c42de8f0-62f7-419f-9280-6cbe2e20d70b,function_execution_time,1773616348.062801,0.000081042
experiment_name,8e8573e2-6075-45cd-8e0d-418f7523938f,function_execution_time,1773616348.082634,0.000100625
experiment_name,ef7233bf-19f1-4349-8a4b-09e1a642755b,function_execution_time,1773616348.062366,0.000067291
experiment_name,ef7233bf-19f1-4349-8a4b-09e1a642755b,function_execution_time,1773616348.062757,0.000093
experiment_name,00fbc9e8-18a2-434d-ab83-fbb0a576fd21,function_execution_time,1773616348.081737,0.000067041
experiment_name,00fbc9e8-18a2-434d-ab83-fbb0a576fd21,function_execution_time,1773616348.081899,0.000067583
experiment_name,b9ab3313-ab83-41d3-955e-b78f50283a8e,function_stop_time,1773616348.112557,0.00001575
experiment_name,3210df7d-6e71-4c3d-a61c-49785bf50521,function_stop_time,1773616348.127295,0.000017083
experiment_name,00fbc9e8-18a2-434d-ab83-fbb0a576fd21,function_stop_time,1773616348.133992,0.000015792
experiment_name,10bfeb99-24bf-44d3-a3b0-2bbd2b2a68af,function_stop_time,1773616348.132638,0.000023042
experiment_name,45b5627d-5d82-4e45-8f15-ae82a37584b1,function_stop_time,1773616348.118214,0.000016625
experiment_name,9dec58d3-71d6-4a18-a7b4-737d374460e9,function_stop_time,1773616348.091191,0.000014209
experiment_name,785105d3-6bbf-4139-a5da-94291411d776,function_stop_time,1773616348.12252,0.000017041
experiment_name,66cd5788-e2fa-4259-bbc0-296a87cdd3fd,function_stop_time,1773616348.108912,0.000015666
experiment_name,817afe31-1b45-4bc7-8e81-ffd119c1bfbf,function_stop_time,1773616348.138114,0.000014833
experiment_name,14153bbb-e6ee-4a8b-a61e-9095c120d02d,function_stop_time,1773616348.12876,0.000017583
experiment_name,cd98c6a9-9ca1-48bf-baad-39f14a0dea98,function_stop_time,1773616348.103041,0.000013792
experiment_name,81baa9d8-93ab-4cb8-9581-0b2ef3950372,function_stop_time,1773616348.128055,0.000042708
experiment_name,b5bd8af8-9e3b-4c3e-809b-b695402614dd,function_stop_time,1773616348.08239,0.000016583
experiment_name,faa48687-2062-482b-bb54-53347c2ebab8,function_stop_time,1773616348.107607,0.000016292
experiment_name,fbf6bb99-ce23-4235-95e2-6d17ebc3d28e,function_stop_time,1773616348.135258,0.000015583
experiment_name,efbc5e4e-c3e2-4bc4-8fc4-d57d195f32c5,function_stop_time,1773616348.120934,0.000033042
experiment_name,4d288bb6-8fb7-497e-90fb-2172045276c1,function_stop_time,1773616348.137333,0.000014292
experiment_name,8b03f70e-c616-4694-85e2-53d12351c62b,function_stop_time,1773616348.123298,0.000015708
experiment_name,184d185e-60f5-4ad3-b118-bdfb1c8e914b,function_stop_time,1773616348.113581,0.000020459
experiment_name,f06ac20e-db7a-4dc6-bc90-c0fc25299a17,function_stop_time,1773616348.133539,0.000019125
experiment_name,f79f2164-f4ca-4a2d-b3e9-bdd0375decd7,function_stop_time,1773616348.134448,0.000028625
experiment_name,079a4cc8-8581-4469-b90a-da899b63862d,function_stop_time,1773616348.089859,0.000019917
experiment_name,9533cca1-3e26-4b90-a749-1e419a15d1a3,function_stop_time,1773616348.130317,0.000019291
experiment_name,38359053-f5a9-4570-b06a-2abca679dba6,function_stop_time,1773616348.105333,0.000019875
experiment_name,0b64d0b3-9183-4fc5-824e-316b62f02844,function_stop_time,1773616348.121739,0.000016
experiment_name,92f897d5-60dd-4cb1-9af3-aec3f4a08bd6,function_stop_time,1773616348.111315,0.000018625
experiment_name,c42de8f0-62f7-419f-9280-6cbe2e20d70b,function_stop_time,1773616348.133026,0.000015833
experiment_name,4e2614c2-7612-458b-b13e-fb2c8faaa57f,function_stop_time,1773616348.110054,0.000016458
experiment_name,b247a06d-dd15-4913-aa01-dd09cb3cfe32,function_stop_time,1773616348.116342,0.000017166
experiment_name,196dc1b3-b88f-48df-b559-6b399e1a5803,function_stop_time,1773616348.130916,0.000018166
experiment_name,e2c5398a-972a-4c5e-bd77-ffcdd1a793fc,function_stop_time,1773616348.119128,0.000014417
experiment_name,74bf3762-1b55-44eb-a9c4-6fa2d070ec17,function_stop_time,1773616348.088234,0.000021459
experiment_name,bde0739a-6211-4399-9390-a9934d6d54fa,function_stop_time,1773616348.138705,0.000016292
experiment_name,0d227220-e793-4967-a93d-56b872b7b5d9,function_stop_time,1773616348.129553,0.000016875
experiment_name,304715fa-69e8-44aa-8ff4-24d9f662bf68,function_stop_time,1773616348.114434,0.000015291
experiment_name,37c96ca8-f7db-4dda-87e8-97186dc7b4bc,function_stop_time,1773616348.094427,0.000015208
experiment_name,0acc6686-3814-4168-b93f-801bff5390bb,function_stop_time,1773616348.1042,0.000015125
experiment_name,0351e213-41d6-483e-89cf-edf7a5f794c8,function_stop_time,1773616348.100524,0.000019167
experiment_name,51662004-37b0-48ad-90fe-e647cde78151,function_stop_time,1773616348.134855,0.000014417
experiment_name,a19482d1-a0a5-458e-bce3-561d8a57acc6,function_stop_time,1773616348.124885,0.000017209
experiment_name,5fd2419a-1c89-43e7-8467-db07c6be9465,function_stop_time,1773616348.137879,0.000017959
experiment_name,a9e4300f-9631-4eae-88ca-e5e0b8d5bb3d,function_stop_time,1773616348.137036,0.000013959
experiment_name,1e752b9c-f52e-42e6-9746-331810bdf45c,function_stop_time,1773616348.115386,0.000015709
experiment_name,3733a83b-2d5d-4d55-b96e-a61250c6b3c0,function_stop_time,1773616348.132072,0.000017083
experiment_name,a6dff983-037e-469f-b0de-da2e571347f0,function_stop_time,1773616348.092739,0.00001575
experiment_name,49595288-b798-4ebc-acc9-36a948035338,function_stop_time,1773616348.136026,0.000022458
experiment_name,e3399173-4982-472d-9e28-baba6bf2cfd7,function_stop_time,1773616348.138535,0.00001475
experiment_name,3ec83f68-bd86-4813-8a09-5066952b2138,function_stop_time,1773616348.117298,0.000017667
experiment_name,81e18bed-d41b-4b13-8946-3396ff8407bf,function_stop_time,1773616348.136724,0.000016041
experiment_name,58826cb6-19b3-4d89-b5cb-6522f7462114,function_stop_time,1773616348.095843,0.000019833
experiment_name,6e47d0b8-7c05-4b6d-ad78-cc0495aec7df,function_stop_time,1773616348.136375,0.000014334
experiment_name,ef7233bf-19f1-4349-8a4b-09e1a642755b,function_stop_time,1773616348.119993,0.000016583
experiment_name,73f6736d-5e2e-4a35-b608-cca6993bae6d,function_stop_time,1773616348.086869,0.000023958
experiment_name,8e8573e2-6075-45cd-8e0d-418f7523938f,function_stop_time,1773616348.098215,0.000015416
experiment_name,8f65d815-a574-41ca-840d-9f899c114950,function_stop_time,1773616348.131474,0.00001625
experiment_name,6ae498d6-0c9b-49e9-9e8e-6f0c1c92709c,function_stop_time,1773616348.096804,0.00001875
experiment_name,22eb50c3-7824-4e77-bc68-d3c2ef61cd3a,function_stop_time,1773616348.106532,0.000014709
experiment_name,9f2a3b8b-da67-401f-8022-e1d9d7e4ad95,function_stop_time,1773616348.126504,0.000020791
experiment_name,a5807a57-99a5-4063-8284-a2dc8de32806,function_stop_time,1773616348.099229,0.00001675
experiment_name,ef4f03c7-333a-4f7f-8912-d16ad25eac06,function_stop_time,1773616348.135649,0.00001475
experiment_name,8e35e3dd-9f30-40b5-b704-4d1027862940,function_stop_time,1773616348.12409,0.0000155
experiment_name,373cfcc8-885c-4c22-bc2a-f37695e9e649,function_stop_time,1773616348.137604,0.000015042
experiment_name,b5c60898-9365-452f-aca6-95f9548ba820,function_stop_time,1773616348.138859,0.000016041
experiment_name,f2794710-3bca-4736-9b56-25236428f9de,function_stop_time,1773616348.125765,0.000015583
experiment_name,b3f57ab7-1b64-4893-92b7-a10728c1f4b4,function_stop_time,1773616348.138343,0.000014083
experiment_name,93192cfc-0a75-49f7-91e8-1069fbb29aa6,function_stop_time,1773616348.101639,0.000017834
experiment_name,4d288bb6-8fb7-497e-90fb-2172045276c1,function_transfer_time,1773616348.081947,0.00001
experiment_name,4d288bb6-8fb7-497e-90fb-2172045276c1,function_transfer_time,1773616348.082083,0.000037
experiment_name,ef7233bf-19f1-4349-8a4b-09e1a642755b,function_transfer_time,1773616348.062311,0.000122
experiment_name,ef7233bf-19f1-4349-8a4b-09e1a642755b,function_transfer_time,1773616348.062625,0.000149
experiment_name,3733a83b-2d5d-4d55-b96e-a61250c6b3c0,function_transfer_time,1773616348.053239,0.002288
experiment_name,3733a83b-2d5d-4d55-b96e-a61250c6b3c0,function_transfer_time,1773616348.0541,0.000269
experiment_name,f79f2164-f4ca-4a2d-b3e9-bdd0375decd7,function_transfer_time,1773616348.079766,0.000012
experiment_name,f79f2164-f4ca-4a2d-b3e9-bdd0375decd7,function_transfer_time,1773616348.080024,0.000042
experiment_name,22eb50c3-7824-4e77-bc68-d3c2ef61cd3a,function_transfer_time,1773616348.084507,0.000077
experiment_name,22eb50c3-7824-4e77-bc68-d3c2ef61cd3a,function_transfer_time,1773616348.086054,0.000049
experiment_name,304715fa-69e8-44aa-8ff4-24d9f662bf68,function_transfer_time,1773616348.085169,0.000216
experiment_name,304715fa-69e8-44aa-8ff4-24d9f662bf68,function_transfer_time,1773616348.086327,0.000053
experiment_name,73f6736d-5e2e-4a35-b608-cca6993bae6d,function_transfer_time,1773616348.085417,0.000445
experiment_name,73f6736d-5e2e-4a35-b608-cca6993bae6d,function_transfer_time,1773616348.086586,0.000043
experiment_name,3ec83f68-bd86-4813-8a09-5066952b2138,function_transfer_time,1773616348.084972,0.000142
experiment_name,3ec83f68-bd86-4813-8a09-5066952b2138,function_transfer_time,1773616348.086189,0.000031
experiment_name,45b5627d-5d82-4e45-8f15-ae82a37584b1,function_transfer_time,1773616348.077985,0.000069
experiment_name,45b5627d-5d82-4e45-8f15-ae82a37584b1,function_transfer_time,1773616348.078185,0.000021
experiment_name,fbf6bb99-ce23-4235-95e2-6d17ebc3d28e,function_transfer_time,1773616348.085212,0.000155
experiment_name,fbf6bb99-ce23-4235-95e2-6d17ebc3d28e,function_transfer_time,1773616348.086399,0.000046
experiment_name,8e35e3dd-9f30-40b5-b704-4d1027862940,function_transfer_time,1773616348.063515,0.00004
experiment_name,8e35e3dd-9f30-40b5-b704-4d1027862940,function_transfer_time,1773616348.063731,0.000057
experiment_name,1e752b9c-f52e-42e6-9746-331810bdf45c,function_transfer_time,1773616348.080937,0.000033
experiment_name,1e752b9c-f52e-42e6-9746-331810bdf45c,function_transfer_time,1773616348.081158,0.000046
experiment_name,b3f57ab7-1b64-4893-92b7-a10728c1f4b4,function_transfer_time,1773616348.084403,0.000013
experiment_name,b3f57ab7-1b64-4893-92b7-a10728c1f4b4,function_transfer_time,1773616348.0857,0.000174
experiment_name,58826cb6-19b3-4d89-b5cb-6522f7462114,function_transfer_time,1773616348.058266,0.005598
experiment_name,e3399173-4982-472d-9e28-baba6bf2cfd7,function_transfer_time,1773616348.053248,0.00134
experiment_name,e3399173-4982-472d-9e28-baba6bf2cfd7,function_transfer_time,1773616348.054181,0.000083
experiment_name,0351e213-41d6-483e-89cf-edf7a5f794c8,function_transfer_time,1773616348.053236,0.001902
experiment_name,74bf3762-1b55-44eb-a9c4-6fa2d070ec17,function_transfer_time,1773616348.053263,0.006969
experiment_name,74bf3762-1b55-44eb-a9c4-6fa2d070ec17,function_transfer_time,1773616348.05409,0.000212
experiment_name,efbc5e4e-c3e2-4bc4-8fc4-d57d195f32c5,function_transfer_time,1773616348.084502,0.000082
experiment_name,efbc5e4e-c3e2-4bc4-8fc4-d57d195f32c5,function_transfer_time,1773616348.085349,0.000313
experiment_name,a9e4300f-9631-4eae-88ca-e5e0b8d5bb3d,function_transfer_time,1773616348.053232,0.002778
experiment_name,a9e4300f-9631-4eae-88ca-e5e0b8d5bb3d,function_transfer_time,1773616348.054085,0.000248
experiment_name,3210df7d-6e71-4c3d-a61c-49785bf50521,function_transfer_time,1773616348.062536,0.000134
experiment_name,3210df7d-6e71-4c3d-a61c-49785bf50521,function_transfer_time,1773616348.062809,0.000064
experiment_name,079a4cc8-8581-4469-b90a-da899b63862d,function_transfer_time,1773616348.053307,0.000735
experiment_name,079a4cc8-8581-4469-b90a-da899b63862d,function_transfer_time,1773616348.053507,0.001038
experiment_name,079a4cc8-8581-4469-b90a-da899b63862d,function_transfer_time,1773616348.053744,0.001097
experiment_name,079a4cc8-8581-4469-b90a-da899b63862d,function_transfer_time,1773616348.053769,0.001062
experiment_name,079a4cc8-8581-4469-b90a-da899b63862d,function_transfer_time,1773616348.053798,0.001091
experiment_name,079a4cc8-8581-4469-b90a-da899b63862d,function_transfer_time,1773616348.054081,0.001129
experiment_name,079a4cc8-8581-4469-b90a-da899b63862d,function_transfer_time,1773616348.05411,0.001247
experiment_name,079a4cc8-8581-4469-b90a-da899b63862d,function_transfer_time,1773616348.060574,0.000042
experiment_name,079a4cc8-8581-4469-b90a-da899b63862d,function_transfer_time,1773616348.062436,0.000163
experiment_name,079a4cc8-8581-4469-b90a-da899b63862d,function_transfer_time,1773616348.063673,0.000034
experiment_name,079a4cc8-8581-4469-b90a-da899b63862d,function_transfer_time,1773616348.072225,0.000065
experiment_name,079a4cc8-8581-4469-b90a-da899b63862d,function_transfer_time,1773616348.072316,0.000096
experiment_name,079a4cc8-8581-4469-b90a-da899b63862d,function_transfer_time,1773616348.075184,0.000046
experiment_name,079a4cc8-8581-4469-b90a-da899b63862d,function_transfer_time,1773616348.077884,0.000025
experiment_name,079a4cc8-8581-4469-b90a-da899b63862d,function_transfer_time,1773616348.07812,0.000024
experiment_name,079a4cc8-8581-4469-b90a-da899b63862d,function_transfer_time,1773616348.078573,0.000044
experiment_name,079a4cc8-8581-4469-b90a-da899b63862d,function_transfer_time,1773616348.078738,0.000055
experiment_name,079a4cc8-8581-4469-b90a-da899b63862d,function_transfer_time,1773616348.079858,0.000051
experiment_name,079a4cc8-8581-4469-b90a-da899b63862d,function_transfer_time,1773616348.080101,0.000036
experiment_name,079a4cc8-8581-4469-b90a-da899b63862d,function_transfer_time,1773616348.08097,0.000046
experiment_name,079a4cc8-8581-4469-b90a-da899b63862d,function_transfer_time,1773616348.081057,0.000081
experiment_name,079a4cc8-8581-4469-b90a-da899b63862d,function_transfer_time,1773616348.081753,0.000042
experiment_name,079a4cc8-8581-4469-b90a-da899b63862d,function_transfer_time,1773616348.082012,0.000013
experiment_name,079a4cc8-8581-4469-b90a-da899b63862d,function_transfer_time,1773616348.08267,0.00005
experiment_name,079a4cc8-8581-4469-b90a-da899b63862d,function_transfer_time,1773616348.082999,0.000015
experiment_name,079a4cc8-8581-4469-b90a-da899b63862d,function_transfer_time,1773616348.083275,0.00002
experiment_name,079a4cc8-8581-4469-b90a-da899b63862d,function_transfer_time,1773616348.084906,0.000322
experiment_name,079a4cc8-8581-4469-b90a-da899b63862d,function_transfer_time,1773616348.085356,0.000524
experiment_name,079a4cc8-8581-4469-b90a-da899b63862d,function_transfer_time,1773616348.085716,0.000831
experiment_name,079a4cc8-8581-4469-b90a-da899b63862d,function_transfer_time,1773616348.085959,0.001069
experiment_name,079a4cc8-8581-4469-b90a-da899b63862d,function_transfer_time,1773616348.086071,0.0009
experiment_name,079a4cc8-8581-4469-b90a-da899b63862d,function_transfer_time,1773616348.086235,0.001062
experiment_name,079a4cc8-8581-4469-b90a-da899b63862d,function_transfer_time,1773616348.086311,0.001106
experiment_name,079a4cc8-8581-4469-b90a-da899b63862d,function_transfer_time,1773616348.086393,0.00108
experiment_name,079a4cc8-8581-4469-b90a-da899b63862d,function_transfer_time,1773616348.086495,0.000963
experiment_name,079a4cc8-8581-4469-b90a-da899b63862d,function_transfer_time,1773616348.08658,0.000951
experiment_name,079a4cc8-8581-4469-b90a-da899b63862d,function_transfer_time,1773616348.086755,0.001075
experiment_name,079a4cc8-8581-4469-b90a-da899b63862d,function_transfer_time,1773616348.086925,0.001033
experiment_name,079a4cc8-8581-4469-b90a-da899b63862d,function_transfer_time,1773616348.087006,0.001109
experiment_name,6e47d0b8-7c05-4b6d-ad78-cc0495aec7df,function_transfer_time,1773616348.053244,0.00131
experiment_name,6e47d0b8-7c05-4b6d-ad78-cc0495aec7df,function_transfer_time,1773616348.054178,0.000277
experiment_name,37c96ca8-f7db-4dda-87e8-97186dc7b4bc,function_transfer_time,1773616348.072187,0.000132
experiment_name,37c96ca8-f7db-4dda-87e8-97186dc7b4bc,function_transfer_time,1773616348.072368,0.000035
experiment_name,bde0739a-6211-4399-9390-a9934d6d54fa,function_transfer_time,1773616348.053252,0.001171
experiment_name,8b03f70e-c616-4694-85e2-53d12351c62b,function_transfer_time,1773616348.078481,0.000034
experiment_name,8b03f70e-c616-4694-85e2-53d12351c62b,function_transfer_time,1773616348.078728,0.000045
experiment_name,817afe31-1b45-4bc7-8e81-ffd119c1bfbf,function_transfer_time,1773616348.0824,0.000059
experiment_name,817afe31-1b45-4bc7-8e81-ffd119c1bfbf,function_transfer_time,1773616348.082712,0.000045
experiment_name,81baa9d8-93ab-4cb8-9581-0b2ef3950372,function_transfer_time,1773616348.053271,0.000638
experiment_name,81baa9d8-93ab-4cb8-9581-0b2ef3950372,function_transfer_time,1773616348.053497,0.001223
experiment_name,81baa9d8-93ab-4cb8-9581-0b2ef3950372,function_transfer_time,1773616348.053739,0.000727
experiment_name,81baa9d8-93ab-4cb8-9581-0b2ef3950372,function_transfer_time,1773616348.053762,0.000818
experiment_name,81baa9d8-93ab-4cb8-9581-0b2ef3950372,function_transfer_time,1773616348.062503,0.000143
experiment_name,81baa9d8-93ab-4cb8-9581-0b2ef3950372,function_transfer_time,1773616348.062583,0.000144
experiment_name,81baa9d8-93ab-4cb8-9581-0b2ef3950372,function_transfer_time,1773616348.062673,0.000146
experiment_name,81baa9d8-93ab-4cb8-9581-0b2ef3950372,function_transfer_time,1773616348.072726,0.000033
experiment_name,373cfcc8-885c-4c22-bc2a-f37695e9e649,function_transfer_time,1773616348.072049,0.000053
experiment_name,373cfcc8-885c-4c22-bc2a-f37695e9e649,function_transfer_time,1773616348.07231,0.000032
experiment_name,196dc1b3-b88f-48df-b559-6b399e1a5803,function_transfer_time,1773616348.085245,0.000352
experiment_name,196dc1b3-b88f-48df-b559-6b399e1a5803,function_transfer_time,1773616348.086552,0.000073
experiment_name,66cd5788-e2fa-4259-bbc0-296a87cdd3fd,function_transfer_time,1773616348.060339,0.00009
experiment_name,66cd5788-e2fa-4259-bbc0-296a87cdd3fd,function_transfer_time,1773616348.060651,0.000061
experiment_name,4e2614c2-7612-458b-b13e-fb2c8faaa57f,function_transfer_time,1773616348.053195,0.005483
experiment_name,4e2614c2-7612-458b-b13e-fb2c8faaa57f,function_transfer_time,1773616348.054072,0.000303
experiment_name,5fd2419a-1c89-43e7-8467-db07c6be9465,function_transfer_time,1773616348.053205,0.004206
experiment_name,5fd2419a-1c89-43e7-8467-db07c6be9465,function_transfer_time,1773616348.053719,0.000552
experiment_name,9dec58d3-71d6-4a18-a7b4-737d374460e9,function_transfer_time,1773616348.053209,0.004999
experiment_name,9dec58d3-71d6-4a18-a7b4-737d374460e9,function_transfer_time,1773616348.053748,0.000451
experiment_name,b247a06d-dd15-4913-aa01-dd09cb3cfe32,function_transfer_time,1773616348.083207,0.00002
experiment_name,b247a06d-dd15-4913-aa01-dd09cb3cfe32,function_transfer_time,1773616348.08335,0.000025
experiment_name,9533cca1-3e26-4b90-a749-1e419a15d1a3,function_transfer_time,1773616348.084855,0.000021
experiment_name,9533cca1-3e26-4b90-a749-1e419a15d1a3,function_transfer_time,1773616348.085986,0.000051
experiment_name,49595288-b798-4ebc-acc9-36a948035338,function_transfer_time,1773616348.05322,0.003429
experiment_name,49595288-b798-4ebc-acc9-36a948035338,function_transfer_time,1773616348.054061,0.00026
experiment_name,e2c5398a-972a-4c5e-bd77-ffcdd1a793fc,function_transfer_time,1773616348.080032,0.000075
experiment_name,e2c5398a-972a-4c5e-bd77-ffcdd1a793fc,function_transfer_time,1773616348.080159,0.000015
experiment_name,38359053-f5a9-4570-b06a-2abca679dba6,function_transfer_time,1773616348.077782,0.000066
experiment_name,38359053-f5a9-4570-b06a-2abca679dba6,function_transfer_time,1773616348.077991,0.000021
experiment_name,0b64d0b3-9183-4fc5-824e-316b62f02844,function_transfer_time,1773616348.085785,0.000201
experiment_name,0b64d0b3-9183-4fc5-824e-316b62f02844,function_transfer_time,1773616348.087102,0.000055
experiment_name,c42de8f0-62f7-419f-9280-6cbe2e20d70b,function_transfer_time,1773616348.062492,0.00019
experiment_name,c42de8f0-62f7-419f-9280-6cbe2e20d70b,function_transfer_time,1773616348.062766,0.000072
experiment_name,f06ac20e-db7a-4dc6-bc90-c0fc25299a17,function_transfer_time,1773616348.07265,0.000032
experiment_name,f06ac20e-db7a-4dc6-bc90-c0fc25299a17,function_transfer_time,1773616348.072848,0.000053
experiment_name,b5c60898-9365-452f-aca6-95f9548ba820,function_transfer_time,1773616348.080901,0.000016
experiment_name,b5c60898-9365-452f-aca6-95f9548ba820,function_transfer_time,1773616348.081031,0.000016
experiment_name,b9ab3313-ab83-41d3-955e-b78f50283a8e,function_transfer_time,1773616348.085615,0.000359
experiment_name,b9ab3313-ab83-41d3-955e-b78f50283a8e,function_transfer_time,1773616348.086944,0.000041
experiment_name,51662004-37b0-48ad-90fe-e647cde78151,function_transfer_time,1773616348.085641,0.000183
experiment_name,51662004-37b0-48ad-90fe-e647cde78151,function_transfer_time,1773616348.086968,0.00003
experiment_name,cd98c6a9-9ca1-48bf-baad-39f14a0dea98,function_transfer_time,1773616348.082918,0.000012
experiment_name,cd98c6a9-9ca1-48bf-baad-39f14a0dea98,function_transfer_time,1773616348.08305,0.000024
experiment_name,9f2a3b8b-da67-401f-8022-e1d9d7e4ad95,function_transfer_time,1773616348.053255,0.00086
experiment_name,9f2a3b8b-da67-401f-8022-e1d9d7e4ad95,function_transfer_time,1773616348.054075,0.000237
experiment_name,ef4f03c7-333a-4f7f-8912-d16ad25eac06,function_transfer_time,1773616348.062114,0.00005
experiment_name,ef4f03c7-333a-4f7f-8912-d16ad25eac06,function_transfer_time,1773616348.062556,0.000155
experiment_name,a5807a57-99a5-4063-8284-a2dc8de32806,function_transfer_time,1773616348.07509,0.000013
experiment_name,a5807a57-99a5-4063-8284-a2dc8de32806,function_transfer_time,1773616348.075356,0.000057
experiment_name,10bfeb99-24bf-44d3-a3b0-2bbd2b2a68af,function_transfer_time,1773616348.082658,0.00005
experiment_name,785105d3-6bbf-4139-a5da-94291411d776,function_transfer_time,1773616348.085558,0.000368
experiment_name,785105d3-6bbf-4139-a5da-94291411d776,function_transfer_time,1773616348.086748,0.000049
experiment_name,00fbc9e8-18a2-434d-ab83-fbb0a576fd21,function_transfer_time,1773616348.081673,0.000012
experiment_name,00fbc9e8-18a2-434d-ab83-fbb0a576fd21,function_transfer_time,1773616348.081869,0.000031
experiment_name,6ae498d6-0c9b-49e9-9e8e-6f0c1c92709c,function_transfer_time,1773616348.053259,0.00083
experiment_name,6ae498d6-0c9b-49e9-9e8e-6f0c1c92709c,function_transfer_time,1773616348.054221,0.000079
experiment_name,8e8573e2-6075-45cd-8e0d-418f7523938f,function_transfer_time,1773616348.08251,0.000044
experiment_name,f2794710-3bca-4736-9b56-25236428f9de,function_transfer_time,1773616348.078569,0.000068
experiment_name,f2794710-3bca-4736-9b56-25236428f9de,function_transfer_time,1773616348.078817,0.000024
experiment_name,3c61879b-1016-4044-b9f7-4990b2f4bee7,function_instantiate_time,1773616352.201267,4.013615125
experiment_name,1ac3a32e-d66c-4277-a35f-462cf2fa7ffe,function_instantiate_time,1773616352.205995,4.055269958
experiment_name,5413e429-1fef-45c1-b675-69d802f35591,function_instantiate_time,1773616352.182202,3.954969584
experiment_name,461e8cfa-65ec-4b3c-84a8-72f3a6bde529,function_instantiate_time,1773616352.191685,3.96828125
experiment_name,03ffcf34-a92e-4a50-8181-b220f1bcd419,function_instantiate_time,1773616352.20014,4.006240958
experiment_name,60f9de3d-77e3-4d55-88ab-e9a2e7f27b66,function_instantiate_time,1773616352.178462,3.950180875
experiment_name,01434dce-919d-4433-9c3b-106d3bb4537f,function_instantiate_time,1773616352.179879,3.951451875
experiment_name,881345a6-4337-4680-bed9-60c65943ee99,function_instantiate_time,1773616352.196951,3.976980167
experiment_name,011b884e-0710-45e9-b86f-1ee4c2505e10,function_instantiate_time,1773616352.173751,3.779639416
experiment_name,38e24fa3-efa8-4b71-9269-f48f0343310b,function_instantiate_time,1773616352.189577,3.964981125
experiment_name,9caa1377-c676-4c1f-b45c-ef000f376e9c,function_instantiate_time,1773616352.193905,3.9713051249999998
experiment_name,ba445246-25bc-4539-9598-0c533de8ca54,function_instantiate_time,1773616352.197777,3.9768806249999997
experiment_name,b8599134-4e59-4b77-a365-c52d3d1c5cf5,function_instantiate_time,1773616352.212963,4.073748334
experiment_name,dca258de-9ed0-4b6c-a4b8-01e7fd00fd91,function_instantiate_time,1773616352.19135,3.967102333
experiment_name,8994bbec-f5ed-4217-b425-e1d4f783bfda,function_instantiate_time,1773616352.175289,3.9462807079999997
experiment_name,542ce83a-76a9-4631-80b2-759a2c98cb6b,function_instantiate_time,1773616352.202405,4.026215042
experiment_name,5a736632-22ed-41db-88a0-cbcf76a12285,function_instantiate_time,1773616352.187136,3.961144333
experiment_name,ae9bb647-3e7f-408b-9ca8-4d697a1d0669,function_instantiate_time,1773616352.175442,3.946314834
experiment_name,0fb23c49-f1ff-4a28-aee5-67192c00e774,function_instantiate_time,1773616352.204376,4.039037083
experiment_name,1bf4583c-dee3-41e7-bb2a-19dd0f55e794,function_instantiate_time,1773616352.180817,3.953321083
experiment_name,0944b7db-0259-44a4-a54b-efda6422d41b,function_instantiate_time,1773616352.205778,4.040096542
experiment_name,c9cf50da-3a89-4ae2-8585-c741672d9403,function_instantiate_time,1773616352.18968,3.9647416250000003
experiment_name,6de7d503-3c96-4f7f-b94a-3dafccbae74e,function_instantiate_time,1773616352.186241,3.960168416
experiment_name,1beb37ea-2db1-446d-8c9f-d77fcb4eab45,function_instantiate_time,1773616352.208369,4.06747
experiment_name,f792c784-3445-45a0-86fd-e22fa9962805,function_instantiate_time,1773616352.199964,3.989563792
experiment_name,3506a6ed-6f2e-45f9-b27f-85b549728237,function_instantiate_time,1773616352.184215,3.9571106670000002
experiment_name,d94a15dc-9fc3-4f8a-bf98-08d62e5a2a46,function_instantiate_time,1773616352.198852,3.9791735
experiment_name,ddfb4e65-e29e-4757-a6be-ed31877ee294,function_instantiate_time,1773616352.186599,3.96174875
experiment_name,3b8f7315-56fc-451f-9264-31d4128ee9e0,function_instantiate_time,1773616352.175435,3.945929583
experiment_name,42cd0c83-d4ee-4df8-b66f-210773afa379,function_instantiate_time,1773616352.189441,3.965604625
experiment_name,c8e549f5-c196-45c2-a039-4b81cec28ce0,function_instantiate_time,1773616352.179887,3.951714667
experiment_name,71737e93-eb8d-4cf7-bb16-c271845d1f79,function_instantiate_time,1773616352.212803,4.073590583
experiment_name,23aa1450-1ca2-4ead-bf72-cf8ae00d607c,function_instantiate_time,1773616352.205046,4.040856166
experiment_name,ec7ae8b9-23c9-4d0e-a4bf-f282cd4ae7cb,function_instantiate_time,1773616352.210425,4.071139792
experiment_name,0ffe70d0-69f7-4d9f-8273-85a044b5ad52,function_instantiate_time,1773616352.173875,3.785697958
experiment_name,c1da011c-3de6-4329-bd56-eb4bec0dcc69,function_instantiate_time,1773616352.182021,3.954617
experiment_name,6c7479aa-8f92-47be-b333-fd0b35fe8ba1,function_instantiate_time,1773616352.208383,4.068292209
experiment_name,9702932c-1159-42b6-ba43-0b2b413632e1,function_instantiate_time,1773616352.194793,3.9716839999999998
experiment_name,9c680949-2091-4462-9c2d-b9be014af320,function_instantiate_time,1773616352.186597,3.961086792
experiment_name,657dac17-9f96-435a-8c1b-8a61f547dd2e,function_instantiate_time,1773616352.177967,3.94938075
experiment_name,480e0e1c-c245-41a1-b5d7-7feff90d2e5c,function_instantiate_time,1773616352.197135,3.976121625
experiment_name,ddfd05fe-1bc6-4e12-906f-dd237201b24f,function_instantiate_time,1773616352.202761,4.016544541
experiment_name,6b6643e3-96bd-464e-9efd-57014da30517,function_instantiate_time,1773616352.199978,3.980824542
experiment_name,6cb7a9a8-0769-4b8a-9970-b6bef5a1ccbc,function_instantiate_time,1773616352.179319,3.950623375
experiment_name,c61b5b1d-2d9e-4a8b-ab26-4d4dca90f5c8,function_instantiate_time,1773616352.18513,3.958480458
experiment_name,2cfba779-4a94-4515-a899-e781168361f0,function_instantiate_time,1773616352.212807,4.073561625
experiment_name,8102f334-f6ea-41bc-a70a-f31882e0809a,function_instantiate_time,1773616352.176533,3.785513583
experiment_name,098e8094-e1da-4b0a-9cce-7ac1f38850c1,function_instantiate_time,1773616352.191311,3.967538625
experiment_name,39d1efba-b6d1-40bb-b7e4-1cdda4a5598e,function_instantiate_time,1773616352.183238,3.955351333
experiment_name,592e860a-0b34-4fbd-b483-6daa3dc35c13,function_instantiate_time,1773616352.176388,3.947211833
experiment_name,14b5c6de-6af4-46a2-b9f8-376c6e9ead51,function_instantiate_time,1773616352.177309,3.948089
experiment_name,9e2829f8-5715-4a35-920b-45a22ad421e7,function_instantiate_time,1773616352.182528,3.955100833
experiment_name,328f071b-dcc4-4844-a454-528375364214,function_instantiate_time,1773616352.187377,3.962604792
experiment_name,3dee1c2a-a4d9-4453-9795-3320658c24ee,function_instantiate_time,1773616352.203756,4.030653042
experiment_name,7f917e14-54c7-4faa-a5dc-e2c143300c3a,function_instantiate_time,1773616352.192763,3.968836125
experiment_name,621eb9d9-ed0e-460e-8bcf-ad50e8b4a7b8,function_instantiate_time,1773616352.206169,4.064495917
experiment_name,bd8ee30d-e1e7-47b9-bdf7-c5aa86ddccf3,function_instantiate_time,1773616352.195448,3.973134125
experiment_name,84e82c18-e92e-4435-a5ec-3ade1f93fc21,function_instantiate_time,1773616352.183236,3.956273084
experiment_name,0f070b80-1b81-4abc-aef1-d8d3403c471a,function_instantiate_time,1773616352.199001,3.986606458
experiment_name,6cb00269-8c99-4d57-93e9-d74153859d93,function_instantiate_time,1773616352.210148,4.071053375
experiment_name,e16127c9-ae4c-4897-843f-68967454f515,function_instantiate_time,1773616352.201759,4.000480084
experiment_name,1c4de535-8834-4e98-9653-a6041a59bace,function_instantiate_time,1773616352.206522,4.063117875
experiment_name,57e554f4-29b5-4579-8dbb-12188cfd127b,function_instantiate_time,1773616352.195815,3.972831875
experiment_name,cfc96abd-cbd3-4405-847c-e5a609e873e2,function_instantiate_time,1773616352.193438,3.970821334
experiment_name,792af2cc-9acf-4bbd-8149-1e43590c02b3,function_instantiate_time,1773616352.213834,4.074782792
experiment_name,11db2bef-0a5c-4a37-b02c-3fa09f0d18ed,function_instantiate_time,1773616352.194997,3.971685167
experiment_name,c94fadb1-4b74-4150-97d7-805fd608d222,function_instantiate_time,1773616352.208398,4.06824725
experiment_name,6cc1bfa5-936a-4e52-a1a5-5194fa1445de,function_instantiate_time,1773616352.188331,3.962360167
experiment_name,cbad586e-4dd1-4d91-9c98-506d2c5f525c,function_instantiate_time,1773616352.209404,4.070235458
experiment_name,8102f334-f6ea-41bc-a70a-f31882e0809a,function_init_time,1773616352.176541,0.000050875
experiment_name,0ffe70d0-69f7-4d9f-8273-85a044b5ad52,function_init_time,1773616352.173879,0.000061625
experiment_name,657dac17-9f96-435a-8c1b-8a61f547dd2e,function_init_time,1773616352.177975,0.000032875
experiment_name,6cb00269-8c99-4d57-93e9-d74153859d93,function_init_time,1773616352.210175,0.000032583
experiment_name,9caa1377-c676-4c1f-b45c-ef000f376e9c,function_init_time,1773616352.193923,0.000029417
experiment_name,14b5c6de-6af4-46a2-b9f8-376c6e9ead51,function_init_time,1773616352.177349,0.000027042
experiment_name,c9cf50da-3a89-4ae2-8585-c741672d9403,function_init_time,1773616352.189693,0.000044833
experiment_name,0fb23c49-f1ff-4a28-aee5-67192c00e774,function_init_time,1773616352.204396,0.000030209
experiment_name,c61b5b1d-2d9e-4a8b-ab26-4d4dca90f5c8,function_init_time,1773616352.185138,0.000029958
experiment_name,1ac3a32e-d66c-4277-a35f-462cf2fa7ffe,function_init_time,1773616352.206014,0.000036583
experiment_name,9c680949-2091-4462-9c2d-b9be014af320,function_init_time,1773616352.186601,0.000050917
experiment_name,6de7d503-3c96-4f7f-b94a-3dafccbae74e,function_init_time,1773616352.186244,0.000030042
experiment_name,9702932c-1159-42b6-ba43-0b2b413632e1,function_init_time,1773616352.194796,0.000028375
experiment_name,d94a15dc-9fc3-4f8a-bf98-08d62e5a2a46,function_init_time,1773616352.198873,0.000031125
experiment_name,c8e549f5-c196-45c2-a039-4b81cec28ce0,function_init_time,1773616352.179906,0.00005275
experiment_name,0f070b80-1b81-4abc-aef1-d8d3403c471a,function_init_time,1773616352.199052,0.000032333
experiment_name,011b884e-0710-45e9-b86f-1ee4c2505e10,function_init_time,1773616352.17386,0.000085958
experiment_name,792af2cc-9acf-4bbd-8149-1e43590c02b3,function_init_time,1773616352.213866,0.000030791
experiment_name,9e2829f8-5715-4a35-920b-45a22ad421e7,function_init_time,1773616352.182563,0.000034459
experiment_name,38e24fa3-efa8-4b71-9269-f48f0343310b,function_init_time,1773616352.189585,0.000031667
experiment_name,7f917e14-54c7-4faa-a5dc-e2c143300c3a,function_init_time,1773616352.192765,0.000028417
experiment_name,ddfb4e65-e29e-4757-a6be-ed31877ee294,function_init_time,1773616352.186623,0.00004275
experiment_name,03ffcf34-a92e-4a50-8181-b220f1bcd419,function_init_time,1773616352.200184,0.000040958
experiment_name,ddfd05fe-1bc6-4e12-906f-dd237201b24f,function_init_time,1773616352.202787,0.000042084
experiment_name,c94fadb1-4b74-4150-97d7-805fd608d222,function_init_time,1773616352.2084,0.000027084
experiment_name,2cfba779-4a94-4515-a899-e781168361f0,function_init_time,1773616352.212821,0.000044042
experiment_name,23aa1450-1ca2-4ead-bf72-cf8ae00d607c,function_init_time,1773616352.205055,0.000031125
experiment_name,b8599134-4e59-4b77-a365-c52d3d1c5cf5,function_init_time,1773616352.213025,0.000051166
experiment_name,57e554f4-29b5-4579-8dbb-12188cfd127b,function_init_time,1773616352.195853,0.000032834
experiment_name,5413e429-1fef-45c1-b675-69d802f35591,function_init_time,1773616352.182205,0.000029417
experiment_name,592e860a-0b34-4fbd-b483-6daa3dc35c13,function_init_time,1773616352.176391,0.000033583
experiment_name,542ce83a-76a9-4631-80b2-759a2c98cb6b,function_init_time,1773616352.202413,0.000029167
experiment_name,42cd0c83-d4ee-4df8-b66f-210773afa379,function_init_time,1773616352.189444,0.00002975
experiment_name,dca258de-9ed0-4b6c-a4b8-01e7fd00fd91,function_init_time,1773616352.191357,0.000036833
experiment_name,bd8ee30d-e1e7-47b9-bdf7-c5aa86ddccf3,function_init_time,1773616352.195496,0.00004875
experiment_name,6c7479aa-8f92-47be-b333-fd0b35fe8ba1,function_init_time,1773616352.208386,0.000029833
experiment_name,cbad586e-4dd1-4d91-9c98-506d2c5f525c,function_init_time,1773616352.209413,0.000030917
experiment_name,6b6643e3-96bd-464e-9efd-57014da30517,function_init_time,1773616352.200011,0.000030833
experiment_name,71737e93-eb8d-4cf7-bb16-c271845d1f79,function_init_time,1773616352.212809,0.000045375
experiment_name,8994bbec-f5ed-4217-b425-e1d4f783bfda,function_init_time,1773616352.175333,0.000059042
experiment_name,461e8cfa-65ec-4b3c-84a8-72f3a6bde529,function_init_time,1773616352.191687,0.000033625
experiment_name,c1da011c-3de6-4329-bd56-eb4bec0dcc69,function_init_time,1773616352.182027,0.000048625
experiment_name,39d1efba-b6d1-40bb-b7e4-1cdda4a5598e,function_init_time,1773616352.183251,0.000036417
experiment_name,1beb37ea-2db1-446d-8c9f-d77fcb4eab45,function_init_time,1773616352.208372,0.000028542
experiment_name,098e8094-e1da-4b0a-9cce-7ac1f38850c1,function_init_time,1773616352.191321,0.000027625
experiment_name,6cc1bfa5-936a-4e52-a1a5-5194fa1445de,function_init_time,1773616352.188339,0.000069083
experiment_name,3c61879b-1016-4044-b9f7-4990b2f4bee7,function_init_time,1773616352.201285,0.000121959
experiment_name,6cb7a9a8-0769-4b8a-9970-b6bef5a1ccbc,function_init_time,1773616352.179322,0.0000295
experiment_name,60f9de3d-77e3-4d55-88ab-e9a2e7f27b66,function_init_time,1773616352.17853,0.000048334
experiment_name,ba445246-25bc-4539-9598-0c533de8ca54,function_init_time,1773616352.197823,0.000034583
experiment_name,3b8f7315-56fc-451f-9264-31d4128ee9e0,function_init_time,1773616352.17548,0.000054
experiment_name,621eb9d9-ed0e-460e-8bcf-ad50e8b4a7b8,function_init_time,1773616352.206225,0.000068334
experiment_name,01434dce-919d-4433-9c3b-106d3bb4537f,function_init_time,1773616352.179891,0.000063167
experiment_name,3dee1c2a-a4d9-4453-9795-3320658c24ee,function_init_time,1773616352.203776,0.00003125
experiment_name,328f071b-dcc4-4844-a454-528375364214,function_init_time,1773616352.187383,0.000032667
experiment_name,ae9bb647-3e7f-408b-9ca8-4d697a1d0669,function_init_time,1773616352.175524,0.000094875
experiment_name,e16127c9-ae4c-4897-843f-68967454f515,function_init_time,1773616352.201803,0.000048333
experiment_name,cfc96abd-cbd3-4405-847c-e5a609e873e2,function_init_time,1773616352.193441,0.00003125
experiment_name,11db2bef-0a5c-4a37-b02c-3fa09f0d18ed,function_init_time,1773616352.195039,0.000030208
experiment_name,f792c784-3445-45a0-86fd-e22fa9962805,function_init_time,1773616352.199967,0.000051625
experiment_name,ec7ae8b9-23c9-4d0e-a4bf-f282cd4ae7cb,function_init_time,1773616352.210499,0.000031833
experiment_name,3506a6ed-6f2e-45f9-b27f-85b549728237,function_init_time,1773616352.184268,0.000078208
experiment_name,1bf4583c-dee3-41e7-bb2a-19dd0f55e794,function_init_time,1773616352.18082,0.00003325
experiment_name,0944b7db-0259-44a4-a54b-efda6422d41b,function_init_time,1773616352.205811,0.000031125
experiment_name,5a736632-22ed-41db-88a0-cbcf76a12285,function_init_time,1773616352.187139,0.000030708
experiment_name,480e0e1c-c245-41a1-b5d7-7feff90d2e5c,function_init_time,1773616352.197141,0.000045792
experiment_name,1c4de535-8834-4e98-9653-a6041a59bace,function_init_time,1773616352.206584,0.000068541
experiment_name,881345a6-4337-4680-bed9-60c65943ee99,function_init_time,1773616352.196959,0.000030875
experiment_name,84e82c18-e92e-4435-a5ec-3ade1f93fc21,function_init_time,1773616352.183241,0.000035458
experiment_name,2cfba779-4a94-4515-a899-e781168361f0,function_execution_time,1773616352.212951,0.000073584
experiment_name,2cfba779-4a94-4515-a899-e781168361f0,function_execution_time,1773616352.213193,0.000127375
experiment_name,3c61879b-1016-4044-b9f7-4990b2f4bee7,function_execution_time,1773616352.201489,0.000180166
experiment_name,3c61879b-1016-4044-b9f7-4990b2f4bee7,function_execution_time,1773616352.201954,0.000191833
experiment_name,3506a6ed-6f2e-45f9-b27f-85b549728237,function_execution_time,1773616352.184365,0.000060292
experiment_name,3506a6ed-6f2e-45f9-b27f-85b549728237,function_execution_time,1773616352.184659,0.000053208
experiment_name,c94fadb1-4b74-4150-97d7-805fd608d222,function_execution_time,1773616352.208416,0.000054792
experiment_name,8994bbec-f5ed-4217-b425-e1d4f783bfda,function_execution_time,1773616352.175513,0.000109458
experiment_name,8994bbec-f5ed-4217-b425-e1d4f783bfda,function_execution_time,1773616352.177839,0.000206208
experiment_name,9702932c-1159-42b6-ba43-0b2b413632e1,function_execution_time,1773616352.194984,0.00005975
experiment_name,9702932c-1159-42b6-ba43-0b2b413632e1,function_execution_time,1773616352.195245,0.000048458
experiment_name,14b5c6de-6af4-46a2-b9f8-376c6e9ead51,function_execution_time,1773616352.177408,0.000065583
experiment_name,14b5c6de-6af4-46a2-b9f8-376c6e9ead51,function_execution_time,1773616352.177441,0.000059917
experiment_name,14b5c6de-6af4-46a2-b9f8-376c6e9ead51,function_execution_time,1773616352.177497,0.000059458
experiment_name,14b5c6de-6af4-46a2-b9f8-376c6e9ead51,function_execution_time,1773616352.178558,0.000194042
experiment_name,14b5c6de-6af4-46a2-b9f8-376c6e9ead51,function_execution_time,1773616352.179883,0.00018375
experiment_name,14b5c6de-6af4-46a2-b9f8-376c6e9ead51,function_execution_time,1773616352.180116,0.000083125
experiment_name,14b5c6de-6af4-46a2-b9f8-376c6e9ead51,function_execution_time,1773616352.182293,0.000071125
experiment_name,14b5c6de-6af4-46a2-b9f8-376c6e9ead51,function_execution_time,1773616352.184026,0.000068916
experiment_name,14b5c6de-6af4-46a2-b9f8-376c6e9ead51,function_execution_time,1773616352.184056,0.000066208
experiment_name,14b5c6de-6af4-46a2-b9f8-376c6e9ead51,function_execution_time,1773616352.184586,0.000170958
experiment_name,14b5c6de-6af4-46a2-b9f8-376c6e9ead51,function_execution_time,1773616352.185606,0.000155292
experiment_name,14b5c6de-6af4-46a2-b9f8-376c6e9ead51,function_execution_time,1773616352.187379,0.000080625
experiment_name,14b5c6de-6af4-46a2-b9f8-376c6e9ead51,function_execution_time,1773616352.187585,0.000067
experiment_name,14b5c6de-6af4-46a2-b9f8-376c6e9ead51,function_execution_time,1773616352.188628,0.00006125
experiment_name,14b5c6de-6af4-46a2-b9f8-376c6e9ead51,function_execution_time,1773616352.189701,0.000084333
experiment_name,14b5c6de-6af4-46a2-b9f8-376c6e9ead51,function_execution_time,1773616352.189884,0.000063417
experiment_name,14b5c6de-6af4-46a2-b9f8-376c6e9ead51,function_execution_time,1773616352.191695,0.000088667
experiment_name,14b5c6de-6af4-46a2-b9f8-376c6e9ead51,function_execution_time,1773616352.192255,0.000184083
experiment_name,14b5c6de-6af4-46a2-b9f8-376c6e9ead51,function_execution_time,1773616352.19297,0.000060333
experiment_name,14b5c6de-6af4-46a2-b9f8-376c6e9ead51,function_execution_time,1773616352.193676,0.000062958
experiment_name,14b5c6de-6af4-46a2-b9f8-376c6e9ead51,function_execution_time,1773616352.194092,0.000074917
experiment_name,14b5c6de-6af4-46a2-b9f8-376c6e9ead51,function_execution_time,1773616352.195406,0.000124917
experiment_name,14b5c6de-6af4-46a2-b9f8-376c6e9ead51,function_execution_time,1773616352.19631,0.000140791
experiment_name,14b5c6de-6af4-46a2-b9f8-376c6e9ead51,function_execution_time,1773616352.197419,0.00017775
experiment_name,14b5c6de-6af4-46a2-b9f8-376c6e9ead51,function_execution_time,1773616352.197558,0.000147458
experiment_name,14b5c6de-6af4-46a2-b9f8-376c6e9ead51,function_execution_time,1773616352.198245,0.000143666
experiment_name,14b5c6de-6af4-46a2-b9f8-376c6e9ead51,function_execution_time,1773616352.199292,0.000191541
experiment_name,14b5c6de-6af4-46a2-b9f8-376c6e9ead51,function_execution_time,1773616352.199449,0.000164792
experiment_name,14b5c6de-6af4-46a2-b9f8-376c6e9ead51,function_execution_time,1773616352.200334,0.000079875
experiment_name,14b5c6de-6af4-46a2-b9f8-376c6e9ead51,function_execution_time,1773616352.20039,0.000075083
experiment_name,14b5c6de-6af4-46a2-b9f8-376c6e9ead51,function_execution_time,1773616352.200645,0.00015475
experiment_name,14b5c6de-6af4-46a2-b9f8-376c6e9ead51,function_execution_time,1773616352.201751,0.000188583
experiment_name,14b5c6de-6af4-46a2-b9f8-376c6e9ead51,function_execution_time,1773616352.204008,0.000066584
experiment_name,14b5c6de-6af4-46a2-b9f8-376c6e9ead51,function_execution_time,1773616352.204723,0.000172333
experiment_name,14b5c6de-6af4-46a2-b9f8-376c6e9ead51,function_execution_time,1773616352.205565,0.000148417
experiment_name,14b5c6de-6af4-46a2-b9f8-376c6e9ead51,function_execution_time,1773616352.20646,0.000181708
experiment_name,14b5c6de-6af4-46a2-b9f8-376c6e9ead51,function_execution_time,1773616352.206873,0.000122875
experiment_name,14b5c6de-6af4-46a2-b9f8-376c6e9ead51,function_execution_time,1773616352.210748,0.000266042
experiment_name,14b5c6de-6af4-46a2-b9f8-376c6e9ead51,function_execution_time,1773616352.213114,0.000093584
experiment_name,14b5c6de-6af4-46a2-b9f8-376c6e9ead51,function_execution_time,1773616352.213333,0.000105291
experiment_name,6b6643e3-96bd-464e-9efd-57014da30517,function_execution_time,1773616352.200195,0.000076167
experiment_name,6b6643e3-96bd-464e-9efd-57014da30517,function_execution_time,1773616352.200506,0.000051916
experiment_name,461e8cfa-65ec-4b3c-84a8-72f3a6bde529,function_execution_time,1773616352.191961,0.000056334
experiment_name,461e8cfa-65ec-4b3c-84a8-72f3a6bde529,function_execution_time,1773616352.192409,0.000051167
experiment_name,c9cf50da-3a89-4ae2-8585-c741672d9403,function_execution_time,1773616352.189829,0.000074834
experiment_name,c9cf50da-3a89-4ae2-8585-c741672d9403,function_execution_time,1773616352.190063,0.000144333
experiment_name,57e554f4-29b5-4579-8dbb-12188cfd127b,function_execution_time,1773616352.196082,0.000168583
experiment_name,57e554f4-29b5-4579-8dbb-12188cfd127b,function_execution_time,1773616352.19651,0.000102417
experiment_name,c8e549f5-c196-45c2-a039-4b81cec28ce0,function_execution_time,1773616352.180027,0.000090375
experiment_name,c8e549f5-c196-45c2-a039-4b81cec28ce0,function_execution_time,1773616352.180336,0.000059958
experiment_name,881345a6-4337-4680-bed9-60c65943ee99,function_execution_time,1773616352.197167,0.000097416
experiment_name,881345a6-4337-4680-bed9-60c65943ee99,function_execution_time,1773616352.197567,0.000117083
experiment_name,592e860a-0b34-4fbd-b483-6daa3dc35c13,function_execution_time,1773616352.176536,0.000083792
experiment_name,592e860a-0b34-4fbd-b483-6daa3dc35c13,function_execution_time,1773616352.177843,0.0000575
experiment_name,792af2cc-9acf-4bbd-8149-1e43590c02b3,function_execution_time,1773616352.213953,0.000069542
experiment_name,792af2cc-9acf-4bbd-8149-1e43590c02b3,function_execution_time,1773616352.214071,0.000051041
experiment_name,9c680949-2091-4462-9c2d-b9be014af320,function_execution_time,1773616352.186774,0.000099458
experiment_name,9c680949-2091-4462-9c2d-b9be014af320,function_execution_time,1773616352.18726,0.000090125
experiment_name,328f071b-dcc4-4844-a454-528375364214,function_execution_time,1773616352.187524,0.000066
experiment_name,328f071b-dcc4-4844-a454-528375364214,function_execution_time,1773616352.187765,0.00011775
experiment_name,ba445246-25bc-4539-9598-0c533de8ca54,function_execution_time,1773616352.198042,0.000168125
experiment_name,ba445246-25bc-4539-9598-0c533de8ca54,function_execution_time,1773616352.198358,0.000053584
experiment_name,9e2829f8-5715-4a35-920b-45a22ad421e7,function_execution_time,1773616352.195748,0.000113458
experiment_name,0944b7db-0259-44a4-a54b-efda6422d41b,function_execution_time,1773616352.205998,0.000132375
experiment_name,0944b7db-0259-44a4-a54b-efda6422d41b,function_execution_time,1773616352.206242,0.000089292
experiment_name,38e24fa3-efa8-4b71-9269-f48f0343310b,function_execution_time,1773616352.189705,0.000081458
experiment_name,38e24fa3-efa8-4b71-9269-f48f0343310b,function_execution_time,1773616352.191568,0.000059167
experiment_name,ae9bb647-3e7f-408b-9ca8-4d697a1d0669,function_execution_time,1773616352.175623,0.000072291
experiment_name,ae9bb647-3e7f-408b-9ca8-4d697a1d0669,function_execution_time,1773616352.191559,0.000079333
experiment_name,6cb7a9a8-0769-4b8a-9970-b6bef5a1ccbc,function_execution_time,1773616352.179592,0.000181208
experiment_name,6cb7a9a8-0769-4b8a-9970-b6bef5a1ccbc,function_execution_time,1773616352.17992,0.000076125
experiment_name,cbad586e-4dd1-4d91-9c98-506d2c5f525c,function_execution_time,1773616352.209729,0.000225875
experiment_name,cbad586e-4dd1-4d91-9c98-506d2c5f525c,function_execution_time,1773616352.210115,0.000150208
experiment_name,23aa1450-1ca2-4ead-bf72-cf8ae00d607c,function_execution_time,1773616352.205295,0.00016275
experiment_name,23aa1450-1ca2-4ead-bf72-cf8ae00d607c,function_execution_time,1773616352.205621,0.0001245
experiment_name,9caa1377-c676-4c1f-b45c-ef000f376e9c,function_execution_time,1773616352.193996,0.000056291
experiment_name,9caa1377-c676-4c1f-b45c-ef000f376e9c,function_execution_time,1773616352.194171,0.000049625
experiment_name,1bf4583c-dee3-41e7-bb2a-19dd0f55e794,function_execution_time,1773616352.180961,0.00006475
experiment_name,1bf4583c-dee3-41e7-bb2a-19dd0f55e794,function_execution_time,1773616352.181193,0.000051625
experiment_name,cfc96abd-cbd3-4405-847c-e5a609e873e2,function_execution_time,1773616352.193577,0.000057958
experiment_name,cfc96abd-cbd3-4405-847c-e5a609e873e2,function_execution_time,1773616352.193793,0.000050833
experiment_name,c61b5b1d-2d9e-4a8b-ab26-4d4dca90f5c8,function_execution_time,1773616352.185429,0.000164
experiment_name,c61b5b1d-2d9e-4a8b-ab26-4d4dca90f5c8,function_execution_time,1773616352.185793,0.000105959
experiment_name,d94a15dc-9fc3-4f8a-bf98-08d62e5a2a46,function_execution_time,1773616352.199062,0.000120375
experiment_name,d94a15dc-9fc3-4f8a-bf98-08d62e5a2a46,function_execution_time,1773616352.199472,0.000131458
experiment_name,bd8ee30d-e1e7-47b9-bdf7-c5aa86ddccf3,function_execution_time,1773616352.195635,0.000105458
experiment_name,b8599134-4e59-4b77-a365-c52d3d1c5cf5,function_execution_time,1773616352.213246,0.00015825
experiment_name,b8599134-4e59-4b77-a365-c52d3d1c5cf5,function_execution_time,1773616352.213369,0.000073625
experiment_name,84e82c18-e92e-4435-a5ec-3ade1f93fc21,function_execution_time,1773616352.18383,0.000073291
experiment_name,84e82c18-e92e-4435-a5ec-3ade1f93fc21,function_execution_time,1773616352.18431,0.000189166
experiment_name,39d1efba-b6d1-40bb-b7e4-1cdda4a5598e,function_execution_time,1773616352.183873,0.000182667
experiment_name,39d1efba-b6d1-40bb-b7e4-1cdda4a5598e,function_execution_time,1773616352.18424,0.000133542
experiment_name,1beb37ea-2db1-446d-8c9f-d77fcb4eab45,function_execution_time,1773616352.208518,0.000060833
experiment_name,1beb37ea-2db1-446d-8c9f-d77fcb4eab45,function_execution_time,1773616352.208931,0.000145
experiment_name,480e0e1c-c245-41a1-b5d7-7feff90d2e5c,function_execution_time,1773616352.197405,0.00016875
experiment_name,480e0e1c-c245-41a1-b5d7-7feff90d2e5c,function_execution_time,1773616352.197767,0.000138417
experiment_name,6cc1bfa5-936a-4e52-a1a5-5194fa1445de,function_execution_time,1773616352.188528,0.000059917
experiment_name,6cc1bfa5-936a-4e52-a1a5-5194fa1445de,function_execution_time,1773616352.188743,0.000048208
experiment_name,42cd0c83-d4ee-4df8-b66f-210773afa379,function_execution_time,1773616352.189595,0.000075791
experiment_name,42cd0c83-d4ee-4df8-b66f-210773afa379,function_execution_time,1773616352.189847,0.000067458
experiment_name,71737e93-eb8d-4cf7-bb16-c271845d1f79,function_execution_time,1773616352.212957,0.000081208
experiment_name,71737e93-eb8d-4cf7-bb16-c271845d1f79,function_execution_time,1773616352.213327,0.000194042
experiment_name,dca258de-9ed0-4b6c-a4b8-01e7fd00fd91,function_execution_time,1773616352.191564,0.00007875
experiment_name,dca258de-9ed0-4b6c-a4b8-01e7fd00fd91,function_execution_time,1773616352.191939,0.000049916
experiment_name,ddfd05fe-1bc6-4e12-906f-dd237201b24f,function_execution_time,1773616352.20293,0.000069459
experiment_name,ddfd05fe-1bc6-4e12-906f-dd237201b24f,function_execution_time,1773616352.203145,0.000056333
experiment_name,7f917e14-54c7-4faa-a5dc-e2c143300c3a,function_execution_time,1773616352.192873,0.000055125
experiment_name,7f917e14-54c7-4faa-a5dc-e2c143300c3a,function_execution_time,1773616352.19306,0.000047916
experiment_name,03ffcf34-a92e-4a50-8181-b220f1bcd419,function_execution_time,1773616352.200398,0.000071667
experiment_name,03ffcf34-a92e-4a50-8181-b220f1bcd419,function_execution_time,1773616352.200807,0.000081167
experiment_name,e16127c9-ae4c-4897-843f-68967454f515,function_execution_time,1773616352.201931,0.000109375
experiment_name,e16127c9-ae4c-4897-843f-68967454f515,function_execution_time,1773616352.202211,0.000151292
experiment_name,3b8f7315-56fc-451f-9264-31d4128ee9e0,function_execution_time,1773616352.175577,0.000079416
experiment_name,3b8f7315-56fc-451f-9264-31d4128ee9e0,function_execution_time,1773616352.177817,0.000101166
experiment_name,6c7479aa-8f92-47be-b333-fd0b35fe8ba1,function_execution_time,1773616352.208412,0.000064458
experiment_name,60f9de3d-77e3-4d55-88ab-e9a2e7f27b66,function_execution_time,1773616352.178683,0.000070042
experiment_name,60f9de3d-77e3-4d55-88ab-e9a2e7f27b66,function_execution_time,1773616352.191552,0.000060708
experiment_name,5a736632-22ed-41db-88a0-cbcf76a12285,function_execution_time,1773616352.187263,0.000082792
experiment_name,5a736632-22ed-41db-88a0-cbcf76a12285,function_execution_time,1773616352.187475,0.000053917
experiment_name,8102f334-f6ea-41bc-a70a-f31882e0809a,function_execution_time,1773616352.176661,0.000060875
experiment_name,8102f334-f6ea-41bc-a70a-f31882e0809a,function_execution_time,1773616352.176897,0.000078458
experiment_name,098e8094-e1da-4b0a-9cce-7ac1f38850c1,function_execution_time,1773616352.191338,0.000065208
experiment_name,098e8094-e1da-4b0a-9cce-7ac1f38850c1,function_execution_time,1773616352.191352,0.000070708
experiment_name,098e8094-e1da-4b0a-9cce-7ac1f38850c1,function_execution_time,1773616352.191543,0.000068375
experiment_name,098e8094-e1da-4b0a-9cce-7ac1f38850c1,function_execution_time,1773616352.195115,0.000070541
experiment_name,098e8094-e1da-4b0a-9cce-7ac1f38850c1,function_execution_time,1773616352.202028,0.000075625
experiment_name,098e8094-e1da-4b0a-9cce-7ac1f38850c1,function_execution_time,1773616352.202821,0.000194208
experiment_name,098e8094-e1da-4b0a-9cce-7ac1f38850c1,function_execution_time,1773616352.203087,0.000178209
experiment_name,098e8094-e1da-4b0a-9cce-7ac1f38850c1,function_execution_time,1773616352.206805,0.000298125
experiment_name,098e8094-e1da-4b0a-9cce-7ac1f38850c1,function_execution_time,1773616352.208637,0.000066917
experiment_name,098e8094-e1da-4b0a-9cce-7ac1f38850c1,function_execution_time,1773616352.214021,0.000068917
experiment_name,542ce83a-76a9-4631-80b2-759a2c98cb6b,function_execution_time,1773616352.202582,0.0001
experiment_name,542ce83a-76a9-4631-80b2-759a2c98cb6b,function_execution_time,1773616352.202962,0.000082084
experiment_name,1c4de535-8834-4e98-9653-a6041a59bace,function_execution_time,1773616352.206697,0.00010725
experiment_name,1c4de535-8834-4e98-9653-a6041a59bace,function_execution_time,1773616352.207019,0.00010925
experiment_name,3dee1c2a-a4d9-4453-9795-3320658c24ee,function_execution_time,1773616352.203904,0.000059709
experiment_name,3dee1c2a-a4d9-4453-9795-3320658c24ee,function_execution_time,1773616352.204098,0.000050334
experiment_name,1ac3a32e-d66c-4277-a35f-462cf2fa7ffe,function_execution_time,1773616352.206324,0.000280625
experiment_name,1ac3a32e-d66c-4277-a35f-462cf2fa7ffe,function_execution_time,1773616352.206525,0.000067375
experiment_name,0ffe70d0-69f7-4d9f-8273-85a044b5ad52,function_execution_time,1773616352.174014,0.000084583
experiment_name,0ffe70d0-69f7-4d9f-8273-85a044b5ad52,function_execution_time,1773616352.174853,0.000069667
experiment_name,5413e429-1fef-45c1-b675-69d802f35591,function_execution_time,1773616352.182573,0.000258833
experiment_name,ec7ae8b9-23c9-4d0e-a4bf-f282cd4ae7cb,function_execution_time,1773616352.210654,0.000097959
experiment_name,ec7ae8b9-23c9-4d0e-a4bf-f282cd4ae7cb,function_execution_time,1773616352.210966,0.000049125
experiment_name,0fb23c49-f1ff-4a28-aee5-67192c00e774,function_execution_time,1773616352.20447,0.000058541
experiment_name,0fb23c49-f1ff-4a28-aee5-67192c00e774,function_execution_time,1773616352.204918,0.000119542
experiment_name,11db2bef-0a5c-4a37-b02c-3fa09f0d18ed,function_execution_time,1773616352.195209,0.000057708
experiment_name,11db2bef-0a5c-4a37-b02c-3fa09f0d18ed,function_execution_time,1773616352.195565,0.0001595
experiment_name,6cb00269-8c99-4d57-93e9-d74153859d93,function_execution_time,1773616352.210375,0.00007
experiment_name,6cb00269-8c99-4d57-93e9-d74153859d93,function_execution_time,1773616352.211025,0.000293875
experiment_name,01434dce-919d-4433-9c3b-106d3bb4537f,function_execution_time,1773616352.180006,0.000077875
experiment_name,01434dce-919d-4433-9c3b-106d3bb4537f,function_execution_time,1773616352.180229,0.000079083
experiment_name,ddfb4e65-e29e-4757-a6be-ed31877ee294,function_execution_time,1773616352.18675,0.000106625
experiment_name,621eb9d9-ed0e-460e-8bcf-ad50e8b4a7b8,function_execution_time,1773616352.206455,0.00018125
experiment_name,621eb9d9-ed0e-460e-8bcf-ad50e8b4a7b8,function_execution_time,1773616352.206863,0.000103875
experiment_name,011b884e-0710-45e9-b86f-1ee4c2505e10,function_execution_time,1773616352.17483,0.000206167
experiment_name,011b884e-0710-45e9-b86f-1ee4c2505e10,function_execution_time,1773616352.176742,0.000074
experiment_name,011b884e-0710-45e9-b86f-1ee4c2505e10,function_execution_time,1773616352.180327,0.000225916
experiment_name,011b884e-0710-45e9-b86f-1ee4c2505e10,function_execution_time,1773616352.181082,0.000068417
experiment_name,011b884e-0710-45e9-b86f-1ee4c2505e10,function_execution_time,1773616352.186755,0.000226875
experiment_name,011b884e-0710-45e9-b86f-1ee4c2505e10,function_execution_time,1773616352.187043,0.000205
experiment_name,011b884e-0710-45e9-b86f-1ee4c2505e10,function_execution_time,1773616352.206175,0.000155291
experiment_name,011b884e-0710-45e9-b86f-1ee4c2505e10,function_execution_time,1773616352.209911,0.000151917
experiment_name,011b884e-0710-45e9-b86f-1ee4c2505e10,function_execution_time,1773616352.2109,0.000164875
experiment_name,011b884e-0710-45e9-b86f-1ee4c2505e10,function_execution_time,1773616352.213152,0.000105834
experiment_name,0f070b80-1b81-4abc-aef1-d8d3403c471a,function_execution_time,1773616352.199276,0.000179084
experiment_name,0f070b80-1b81-4abc-aef1-d8d3403c471a,function_execution_time,1773616352.199618,0.0001085
experiment_name,6de7d503-3c96-4f7f-b94a-3dafccbae74e,function_execution_time,1773616352.186465,0.000156542
experiment_name,6de7d503-3c96-4f7f-b94a-3dafccbae74e,function_execution_time,1773616352.186881,0.000082833
experiment_name,c1da011c-3de6-4329-bd56-eb4bec0dcc69,function_execution_time,1773616352.182182,0.000059208
experiment_name,c1da011c-3de6-4329-bd56-eb4bec0dcc69,function_execution_time,1773616352.182524,0.000162375
experiment_name,657dac17-9f96-435a-8c1b-8a61f547dd2e,function_execution_time,1773616352.178268,0.0001845
experiment_name,657dac17-9f96-435a-8c1b-8a61f547dd2e,function_execution_time,1773616352.178652,0.000060292
experiment_name,f792c784-3445-45a0-86fd-e22fa9962805,function_execution_time,1773616352.200128,0.0000635
experiment_name,f792c784-3445-45a0-86fd-e22fa9962805,function_execution_time,1773616352.200419,0.000052291
experiment_name,6cb00269-8c99-4d57-93e9-d74153859d93,function_transfer_time,1773616352.210257,0.000072
experiment_name,6cb00269-8c99-4d57-93e9-d74153859d93,function_transfer_time,1773616352.210746,0.000089
experiment_name,5a736632-22ed-41db-88a0-cbcf76a12285,function_transfer_time,1773616352.187255,0.000051
experiment_name,5a736632-22ed-41db-88a0-cbcf76a12285,function_transfer_time,1773616352.187467,0.000074
experiment_name,9e2829f8-5715-4a35-920b-45a22ad421e7,function_transfer_time,1773616352.195622,0.000033
experiment_name,57e554f4-29b5-4579-8dbb-12188cfd127b,function_transfer_time,1773616352.195889,0.000049
experiment_name,57e554f4-29b5-4579-8dbb-12188cfd127b,function_transfer_time,1773616352.196503,0.000167
experiment_name,480e0e1c-c245-41a1-b5d7-7feff90d2e5c,function_transfer_time,1773616352.197316,0.000106
experiment_name,480e0e1c-c245-41a1-b5d7-7feff90d2e5c,function_transfer_time,1773616352.1976,0.000083
experiment_name,881345a6-4337-4680-bed9-60c65943ee99,function_transfer_time,1773616352.197121,0.000107
experiment_name,881345a6-4337-4680-bed9-60c65943ee99,function_transfer_time,1773616352.197432,0.000108
experiment_name,0fb23c49-f1ff-4a28-aee5-67192c00e774,function_transfer_time,1773616352.204423,0.000011
experiment_name,0fb23c49-f1ff-4a28-aee5-67192c00e774,function_transfer_time,1773616352.204915,0.000108
experiment_name,6cc1bfa5-936a-4e52-a1a5-5194fa1445de,function_transfer_time,1773616352.188523,0.000159
experiment_name,6cc1bfa5-936a-4e52-a1a5-5194fa1445de,function_transfer_time,1773616352.188741,0.000092
experiment_name,6c7479aa-8f92-47be-b333-fd0b35fe8ba1,function_transfer_time,1773616352.208393,0.025859
experiment_name,8102f334-f6ea-41bc-a70a-f31882e0809a,function_transfer_time,1773616352.17661,0.000046
experiment_name,8102f334-f6ea-41bc-a70a-f31882e0809a,function_transfer_time,1773616352.176816,0.000067
experiment_name,38e24fa3-efa8-4b71-9269-f48f0343310b,function_transfer_time,1773616352.189682,0.000058
experiment_name,38e24fa3-efa8-4b71-9269-f48f0343310b,function_transfer_time,1773616352.191562,0.000181
experiment_name,ddfb4e65-e29e-4757-a6be-ed31877ee294,function_transfer_time,1773616352.186632,0.000013
experiment_name,1beb37ea-2db1-446d-8c9f-d77fcb4eab45,function_transfer_time,1773616352.208484,0.000892
experiment_name,1beb37ea-2db1-446d-8c9f-d77fcb4eab45,function_transfer_time,1773616352.208923,0.000114
experiment_name,9702932c-1159-42b6-ba43-0b2b413632e1,function_transfer_time,1773616352.194969,0.000054
experiment_name,9702932c-1159-42b6-ba43-0b2b413632e1,function_transfer_time,1773616352.195215,0.000105
experiment_name,9c680949-2091-4462-9c2d-b9be014af320,function_transfer_time,1773616352.186744,0.000089
experiment_name,9c680949-2091-4462-9c2d-b9be014af320,function_transfer_time,1773616352.18715,0.000197
experiment_name,c1da011c-3de6-4329-bd56-eb4bec0dcc69,function_transfer_time,1773616352.182155,0.000065
experiment_name,c1da011c-3de6-4329-bd56-eb4bec0dcc69,function_transfer_time,1773616352.182445,0.000092
experiment_name,d94a15dc-9fc3-4f8a-bf98-08d62e5a2a46,function_transfer_time,1773616352.198987,0.000061
experiment_name,d94a15dc-9fc3-4f8a-bf98-08d62e5a2a46,function_transfer_time,1773616352.199326,0.000125
experiment_name,461e8cfa-65ec-4b3c-84a8-72f3a6bde529,function_transfer_time,1773616352.191948,0.000127
experiment_name,461e8cfa-65ec-4b3c-84a8-72f3a6bde529,function_transfer_time,1773616352.192406,0.0002
experiment_name,03ffcf34-a92e-4a50-8181-b220f1bcd419,function_transfer_time,1773616352.200353,0.00009
experiment_name,03ffcf34-a92e-4a50-8181-b220f1bcd419,function_transfer_time,1773616352.200718,0.000103
experiment_name,3c61879b-1016-4044-b9f7-4990b2f4bee7,function_transfer_time,1773616352.201317,0.000112
experiment_name,3c61879b-1016-4044-b9f7-4990b2f4bee7,function_transfer_time,1773616352.201765,0.000111
experiment_name,592e860a-0b34-4fbd-b483-6daa3dc35c13,function_transfer_time,1773616352.176452,0.000064
experiment_name,592e860a-0b34-4fbd-b483-6daa3dc35c13,function_transfer_time,1773616352.177826,0.000296
experiment_name,e16127c9-ae4c-4897-843f-68967454f515,function_transfer_time,1773616352.201814,0.000036
experiment_name,e16127c9-ae4c-4897-843f-68967454f515,function_transfer_time,1773616352.202037,0.000045
experiment_name,c9cf50da-3a89-4ae2-8585-c741672d9403,function_transfer_time,1773616352.189746,0.000077
experiment_name,c9cf50da-3a89-4ae2-8585-c741672d9403,function_transfer_time,1773616352.189893,0.000046
experiment_name,6b6643e3-96bd-464e-9efd-57014da30517,function_transfer_time,1773616352.200134,0.000111
experiment_name,6b6643e3-96bd-464e-9efd-57014da30517,function_transfer_time,1773616352.200427,0.00013
experiment_name,011b884e-0710-45e9-b86f-1ee4c2505e10,function_transfer_time,1773616352.174453,0.000214
experiment_name,011b884e-0710-45e9-b86f-1ee4c2505e10,function_transfer_time,1773616352.176677,0.000032
experiment_name,011b884e-0710-45e9-b86f-1ee4c2505e10,function_transfer_time,1773616352.180076,0.000047
experiment_name,011b884e-0710-45e9-b86f-1ee4c2505e10,function_transfer_time,1773616352.181071,0.000065
experiment_name,011b884e-0710-45e9-b86f-1ee4c2505e10,function_transfer_time,1773616352.186593,0.000095
experiment_name,011b884e-0710-45e9-b86f-1ee4c2505e10,function_transfer_time,1773616352.186791,0.000041
experiment_name,011b884e-0710-45e9-b86f-1ee4c2505e10,function_transfer_time,1773616352.206027,0.000065
experiment_name,011b884e-0710-45e9-b86f-1ee4c2505e10,function_transfer_time,1773616352.209745,0.000079
experiment_name,011b884e-0710-45e9-b86f-1ee4c2505e10,function_transfer_time,1773616352.210743,0.000109
experiment_name,011b884e-0710-45e9-b86f-1ee4c2505e10,function_transfer_time,1773616352.213009,0.000069
experiment_name,6de7d503-3c96-4f7f-b94a-3dafccbae74e,function_transfer_time,1773616352.186317,0.000058
experiment_name,6de7d503-3c96-4f7f-b94a-3dafccbae74e,function_transfer_time,1773616352.18678,0.000128
experiment_name,dca258de-9ed0-4b6c-a4b8-01e7fd00fd91,function_transfer_time,1773616352.191555,0.000157
experiment_name,dca258de-9ed0-4b6c-a4b8-01e7fd00fd91,function_transfer_time,1773616352.19193,0.000085
experiment_name,c61b5b1d-2d9e-4a8b-ab26-4d4dca90f5c8,function_transfer_time,1773616352.185251,0.000108
experiment_name,c61b5b1d-2d9e-4a8b-ab26-4d4dca90f5c8,function_transfer_time,1773616352.185784,0.000108
experiment_name,cfc96abd-cbd3-4405-847c-e5a609e873e2,function_transfer_time,1773616352.193573,0.000077
experiment_name,cfc96abd-cbd3-4405-847c-e5a609e873e2,function_transfer_time,1773616352.19379,0.00009
experiment_name,23aa1450-1ca2-4ead-bf72-cf8ae00d607c,function_transfer_time,1773616352.205137,0.000088
experiment_name,23aa1450-1ca2-4ead-bf72-cf8ae00d607c,function_transfer_time,1773616352.205574,0.000075
experiment_name,9caa1377-c676-4c1f-b45c-ef000f376e9c,function_transfer_time,1773616352.193958,0.000012
experiment_name,9caa1377-c676-4c1f-b45c-ef000f376e9c,function_transfer_time,1773616352.19412,0.00006
experiment_name,3dee1c2a-a4d9-4453-9795-3320658c24ee,function_transfer_time,1773616352.203875,0.000079
experiment_name,3dee1c2a-a4d9-4453-9795-3320658c24ee,function_transfer_time,1773616352.204088,0.000064
experiment_name,bd8ee30d-e1e7-47b9-bdf7-c5aa86ddccf3,function_transfer_time,1773616352.195553,0.000043
experiment_name,0ffe70d0-69f7-4d9f-8273-85a044b5ad52,function_transfer_time,1773616352.174005,0.000083
experiment_name,0ffe70d0-69f7-4d9f-8273-85a044b5ad52,function_transfer_time,1773616352.174846,0.0003
experiment_name,ddfd05fe-1bc6-4e12-906f-dd237201b24f,function_transfer_time,1773616352.202809,0.000014
experiment_name,ddfd05fe-1bc6-4e12-906f-dd237201b24f,function_transfer_time,1773616352.203084,0.000061
experiment_name,621eb9d9-ed0e-460e-8bcf-ad50e8b4a7b8,function_transfer_time,1773616352.206295,0.000049
experiment_name,621eb9d9-ed0e-460e-8bcf-ad50e8b4a7b8,function_transfer_time,1773616352.206775,0.00007
experiment_name,542ce83a-76a9-4631-80b2-759a2c98cb6b,function_transfer_time,1773616352.202494,0.00008
experiment_name,542ce83a-76a9-4631-80b2-759a2c98cb6b,function_transfer_time,1773616352.202935,0.000147
experiment_name,60f9de3d-77e3-4d55-88ab-e9a2e7f27b66,function_transfer_time,1773616352.178639,0.000095
experiment_name,60f9de3d-77e3-4d55-88ab-e9a2e7f27b66,function_transfer_time,1773616352.191549,0.000152
experiment_name,8994bbec-f5ed-4217-b425-e1d4f783bfda,function_transfer_time,1773616352.175418,0.000081
experiment_name,8994bbec-f5ed-4217-b425-e1d4f783bfda,function_transfer_time,1773616352.177802,0.000213
experiment_name,1bf4583c-dee3-41e7-bb2a-19dd0f55e794,function_transfer_time,1773616352.180887,0.000064
experiment_name,1bf4583c-dee3-41e7-bb2a-19dd0f55e794,function_transfer_time,1773616352.18119,0.000088
experiment_name,ec7ae8b9-23c9-4d0e-a4bf-f282cd4ae7cb,function_transfer_time,1773616352.210642,0.000084
experiment_name,ec7ae8b9-23c9-4d0e-a4bf-f282cd4ae7cb,function_transfer_time,1773616352.210912,0.000055
experiment_name,01434dce-919d-4433-9c3b-106d3bb4537f,function_transfer_time,1773616352.179915,0.000046
experiment_name,01434dce-919d-4433-9c3b-106d3bb4537f,function_transfer_time,1773616352.18015,0.000069
experiment_name,b8599134-4e59-4b77-a365-c52d3d1c5cf5,function_transfer_time,1773616352.213102,0.000046
experiment_name,b8599134-4e59-4b77-a365-c52d3d1c5cf5,function_transfer_time,1773616352.213331,0.00003
experiment_name,1c4de535-8834-4e98-9653-a6041a59bace,function_transfer_time,1773616352.206595,0.000018
experiment_name,1c4de535-8834-4e98-9653-a6041a59bace,function_transfer_time,1773616352.206902,0.000053
experiment_name,cbad586e-4dd1-4d91-9c98-506d2c5f525c,function_transfer_time,1773616352.209551,0.000089
experiment_name,cbad586e-4dd1-4d91-9c98-506d2c5f525c,function_transfer_time,1773616352.210108,0.000093
experiment_name,1ac3a32e-d66c-4277-a35f-462cf2fa7ffe,function_transfer_time,1773616352.206041,0.000052
experiment_name,1ac3a32e-d66c-4277-a35f-462cf2fa7ffe,function_transfer_time,1773616352.206463,0.000069
experiment_name,f792c784-3445-45a0-86fd-e22fa9962805,function_transfer_time,1773616352.200078,0.000104
experiment_name,f792c784-3445-45a0-86fd-e22fa9962805,function_transfer_time,1773616352.200412,0.00013
experiment_name,0944b7db-0259-44a4-a54b-efda6422d41b,function_transfer_time,1773616352.205839,0.000049
experiment_name,0944b7db-0259-44a4-a54b-efda6422d41b,function_transfer_time,1773616352.206172,0.000059
experiment_name,2cfba779-4a94-4515-a899-e781168361f0,function_transfer_time,1773616352.212829,0.000048
experiment_name,2cfba779-4a94-4515-a899-e781168361f0,function_transfer_time,1773616352.213138,0.000033
experiment_name,39d1efba-b6d1-40bb-b7e4-1cdda4a5598e,function_transfer_time,1773616352.183843,0.000207
experiment_name,39d1efba-b6d1-40bb-b7e4-1cdda4a5598e,function_transfer_time,1773616352.184144,0.00008
experiment_name,ba445246-25bc-4539-9598-0c533de8ca54,function_transfer_time,1773616352.197874,0.000052
experiment_name,ba445246-25bc-4539-9598-0c533de8ca54,function_transfer_time,1773616352.198335,0.000116
experiment_name,84e82c18-e92e-4435-a5ec-3ade1f93fc21,function_transfer_time,1773616352.183812,0.000105
experiment_name,84e82c18-e92e-4435-a5ec-3ade1f93fc21,function_transfer_time,1773616352.184138,0.000151
experiment_name,c8e549f5-c196-45c2-a039-4b81cec28ce0,function_transfer_time,1773616352.179923,0.000048
experiment_name,c8e549f5-c196-45c2-a039-4b81cec28ce0,function_transfer_time,1773616352.180319,0.000041
experiment_name,ae9bb647-3e7f-408b-9ca8-4d697a1d0669,function_transfer_time,1773616352.175533,0.000063
experiment_name,ae9bb647-3e7f-408b-9ca8-4d697a1d0669,function_transfer_time,1773616352.191547,0.000211
experiment_name,792af2cc-9acf-4bbd-8149-1e43590c02b3,function_transfer_time,1773616352.213876,0.000021
experiment_name,792af2cc-9acf-4bbd-8149-1e43590c02b3,function_transfer_time,1773616352.214018,0.000023
experiment_name,657dac17-9f96-435a-8c1b-8a61f547dd2e,function_transfer_time,1773616352.178075,0.000091
experiment_name,657dac17-9f96-435a-8c1b-8a61f547dd2e,function_transfer_time,1773616352.178568,0.000096
experiment_name,5413e429-1fef-45c1-b675-69d802f35591,function_transfer_time,1773616352.182296,0.000096
experiment_name,6cb7a9a8-0769-4b8a-9970-b6bef5a1ccbc,function_transfer_time,1773616352.179538,0.000067
experiment_name,6cb7a9a8-0769-4b8a-9970-b6bef5a1ccbc,function_transfer_time,1773616352.179889,0.000107
experiment_name,328f071b-dcc4-4844-a454-528375364214,function_transfer_time,1773616352.18747,0.000073
experiment_name,328f071b-dcc4-4844-a454-528375364214,function_transfer_time,1773616352.187629,0.00006
experiment_name,7f917e14-54c7-4faa-a5dc-e2c143300c3a,function_transfer_time,1773616352.192869,0.000053
experiment_name,7f917e14-54c7-4faa-a5dc-e2c143300c3a,function_transfer_time,1773616352.193058,0.000068
experiment_name,098e8094-e1da-4b0a-9cce-7ac1f38850c1,function_transfer_time,1773616352.191329,0.015542
experiment_name,098e8094-e1da-4b0a-9cce-7ac1f38850c1,function_transfer_time,1773616352.191343,0.012543
experiment_name,098e8094-e1da-4b0a-9cce-7ac1f38850c1,function_transfer_time,1773616352.191354,0.001595
experiment_name,098e8094-e1da-4b0a-9cce-7ac1f38850c1,function_transfer_time,1773616352.19507,0.000156
experiment_name,098e8094-e1da-4b0a-9cce-7ac1f38850c1,function_transfer_time,1773616352.201947,0.000056
experiment_name,098e8094-e1da-4b0a-9cce-7ac1f38850c1,function_transfer_time,1773616352.202626,0.000061
experiment_name,098e8094-e1da-4b0a-9cce-7ac1f38850c1,function_transfer_time,1773616352.202938,0.000056
experiment_name,098e8094-e1da-4b0a-9cce-7ac1f38850c1,function_transfer_time,1773616352.20651,0.000081
experiment_name,098e8094-e1da-4b0a-9cce-7ac1f38850c1,function_transfer_time,1773616352.208627,0.000045
experiment_name,098e8094-e1da-4b0a-9cce-7ac1f38850c1,function_transfer_time,1773616352.21395,0.000021
experiment_name,11db2bef-0a5c-4a37-b02c-3fa09f0d18ed,function_transfer_time,1773616352.195125,0.000099
experiment_name,11db2bef-0a5c-4a37-b02c-3fa09f0d18ed,function_transfer_time,1773616352.19541,0.000064
experiment_name,71737e93-eb8d-4cf7-bb16-c271845d1f79,function_transfer_time,1773616352.212906,0.000072
experiment_name,71737e93-eb8d-4cf7-bb16-c271845d1f79,function_transfer_time,1773616352.213146,0.000042
experiment_name,3b8f7315-56fc-451f-9264-31d4128ee9e0,function_transfer_time,1773616352.175493,0.000021
experiment_name,3b8f7315-56fc-451f-9264-31d4128ee9e0,function_transfer_time,1773616352.177811,0.000202
experiment_name,3506a6ed-6f2e-45f9-b27f-85b549728237,function_transfer_time,1773616352.184314,0.000065
experiment_name,3506a6ed-6f2e-45f9-b27f-85b549728237,function_transfer_time,1773616352.184595,0.000079
experiment_name,0f070b80-1b81-4abc-aef1-d8d3403c471a,function_transfer_time,1773616352.199073,0.000043
experiment_name,0f070b80-1b81-4abc-aef1-d8d3403c471a,function_transfer_time,1773616352.199495,0.000114
experiment_name,14b5c6de-6af4-46a2-b9f8-376c6e9ead51,function_transfer_time,1773616352.177377,0.001829
experiment_name,14b5c6de-6af4-46a2-b9f8-376c6e9ead51,function_transfer_time,1773616352.177423,0.001828
experiment_name,14b5c6de-6af4-46a2-b9f8-376c6e9ead51,function_transfer_time,1773616352.17745,0.000935
experiment_name,14b5c6de-6af4-46a2-b9f8-376c6e9ead51,function_transfer_time,1773616352.178434,0.000122
experiment_name,14b5c6de-6af4-46a2-b9f8-376c6e9ead51,function_transfer_time,1773616352.179701,0.000105
experiment_name,14b5c6de-6af4-46a2-b9f8-376c6e9ead51,function_transfer_time,1773616352.180033,0.000066
experiment_name,14b5c6de-6af4-46a2-b9f8-376c6e9ead51,function_transfer_time,1773616352.182217,0.000099
experiment_name,14b5c6de-6af4-46a2-b9f8-376c6e9ead51,function_transfer_time,1773616352.183974,0.000522
experiment_name,14b5c6de-6af4-46a2-b9f8-376c6e9ead51,function_transfer_time,1773616352.184035,0.000402
experiment_name,14b5c6de-6af4-46a2-b9f8-376c6e9ead51,function_transfer_time,1773616352.18439,0.000055
experiment_name,14b5c6de-6af4-46a2-b9f8-376c6e9ead51,function_transfer_time,1773616352.185445,0.000072
experiment_name,14b5c6de-6af4-46a2-b9f8-376c6e9ead51,function_transfer_time,1773616352.187283,0.000046
experiment_name,14b5c6de-6af4-46a2-b9f8-376c6e9ead51,function_transfer_time,1773616352.187521,0.000024
experiment_name,14b5c6de-6af4-46a2-b9f8-376c6e9ead51,function_transfer_time,1773616352.188618,0.000052
experiment_name,14b5c6de-6af4-46a2-b9f8-376c6e9ead51,function_transfer_time,1773616352.1896,0.000048
experiment_name,14b5c6de-6af4-46a2-b9f8-376c6e9ead51,function_transfer_time,1773616352.189856,0.000039
experiment_name,14b5c6de-6af4-46a2-b9f8-376c6e9ead51,function_transfer_time,1773616352.191611,0.00008
experiment_name,14b5c6de-6af4-46a2-b9f8-376c6e9ead51,function_transfer_time,1773616352.192221,0.00018
experiment_name,14b5c6de-6af4-46a2-b9f8-376c6e9ead51,function_transfer_time,1773616352.192961,0.00005
experiment_name,14b5c6de-6af4-46a2-b9f8-376c6e9ead51,function_transfer_time,1773616352.193668,0.000053
experiment_name,14b5c6de-6af4-46a2-b9f8-376c6e9ead51,function_transfer_time,1773616352.194011,0.000043
experiment_name,14b5c6de-6af4-46a2-b9f8-376c6e9ead51,function_transfer_time,1773616352.195242,0.000075
experiment_name,14b5c6de-6af4-46a2-b9f8-376c6e9ead51,function_transfer_time,1773616352.196279,0.000111
experiment_name,14b5c6de-6af4-46a2-b9f8-376c6e9ead51,function_transfer_time,1773616352.197327,0.000069
experiment_name,14b5c6de-6af4-46a2-b9f8-376c6e9ead51,function_transfer_time,1773616352.197426,0.00007
experiment_name,14b5c6de-6af4-46a2-b9f8-376c6e9ead51,function_transfer_time,1773616352.198155,0.000095
experiment_name,14b5c6de-6af4-46a2-b9f8-376c6e9ead51,function_transfer_time,1773616352.199069,0.000045
experiment_name,14b5c6de-6af4-46a2-b9f8-376c6e9ead51,function_transfer_time,1773616352.199299,0.000088
experiment_name,14b5c6de-6af4-46a2-b9f8-376c6e9ead51,function_transfer_time,1773616352.200181,0.000082
experiment_name,14b5c6de-6af4-46a2-b9f8-376c6e9ead51,function_transfer_time,1773616352.200345,0.000089
experiment_name,14b5c6de-6af4-46a2-b9f8-376c6e9ead51,function_transfer_time,1773616352.200503,0.000154
experiment_name,14b5c6de-6af4-46a2-b9f8-376c6e9ead51,function_transfer_time,1773616352.201717,0.000082
experiment_name,14b5c6de-6af4-46a2-b9f8-376c6e9ead51,function_transfer_time,1773616352.203938,0.00006
experiment_name,14b5c6de-6af4-46a2-b9f8-376c6e9ead51,function_transfer_time,1773616352.204599,0.000084
experiment_name,14b5c6de-6af4-46a2-b9f8-376c6e9ead51,function_transfer_time,1773616352.20531,0.000075
experiment_name,14b5c6de-6af4-46a2-b9f8-376c6e9ead51,function_transfer_time,1773616352.2063,0.000034
experiment_name,14b5c6de-6af4-46a2-b9f8-376c6e9ead51,function_transfer_time,1773616352.206767,0.000064
experiment_name,14b5c6de-6af4-46a2-b9f8-376c6e9ead51,function_transfer_time,1773616352.210508,0.000166
experiment_name,14b5c6de-6af4-46a2-b9f8-376c6e9ead51,function_transfer_time,1773616352.212961,0.000078
experiment_name,14b5c6de-6af4-46a2-b9f8-376c6e9ead51,function_transfer_time,1773616352.213196,0.000041
experiment_name,42cd0c83-d4ee-4df8-b66f-210773afa379,function_transfer_time,1773616352.189565,0.000054
experiment_name,42cd0c83-d4ee-4df8-b66f-210773afa379,function_transfer_time,1773616352.189737,0.00008
experiment_name,c94fadb1-4b74-4150-97d7-805fd608d222,function_transfer_time,1773616352.208408,0.021642
experiment_name,1c4de535-8834-4e98-9653-a6041a59bace,function_stop_time,1773616352.312197,0.00001625
experiment_name,328f071b-dcc4-4844-a454-528375364214,function_stop_time,1773616352.292288,0.000016416
experiment_name,42cd0c83-d4ee-4df8-b66f-210773afa379,function_stop_time,1773616352.282608,0.000016542
experiment_name,6cb7a9a8-0769-4b8a-9970-b6bef5a1ccbc,function_stop_time,1773616352.311787,0.000016
experiment_name,3dee1c2a-a4d9-4453-9795-3320658c24ee,function_stop_time,1773616352.304937,0.000015666
experiment_name,6c7479aa-8f92-47be-b333-fd0b35fe8ba1,function_stop_time,1773616352.314922,0.000019042
experiment_name,ddfd05fe-1bc6-4e12-906f-dd237201b24f,function_stop_time,1773616352.281461,0.000019833
experiment_name,ae9bb647-3e7f-408b-9ca8-4d697a1d0669,function_stop_time,1773616352.309167,0.000015625
experiment_name,60f9de3d-77e3-4d55-88ab-e9a2e7f27b66,function_stop_time,1773616352.287292,0.000016792
experiment_name,5413e429-1fef-45c1-b675-69d802f35591,function_stop_time,1773616352.267942,0.000015334
experiment_name,3506a6ed-6f2e-45f9-b27f-85b549728237,function_stop_time,1773616352.315355,0.0000165
experiment_name,c1da011c-3de6-4329-bd56-eb4bec0dcc69,function_stop_time,1773616352.315683,0.000017042
experiment_name,57e554f4-29b5-4579-8dbb-12188cfd127b,function_stop_time,1773616352.313791,0.000017125
experiment_name,bd8ee30d-e1e7-47b9-bdf7-c5aa86ddccf3,function_stop_time,1773616352.313509,0.000017667
experiment_name,e16127c9-ae4c-4897-843f-68967454f515,function_stop_time,1773616352.309668,0.000016958
experiment_name,3c61879b-1016-4044-b9f7-4990b2f4bee7,function_stop_time,1773616352.27077,0.000021292
experiment_name,9e2829f8-5715-4a35-920b-45a22ad421e7,function_stop_time,1773616352.290567,0.000016083
experiment_name,f792c784-3445-45a0-86fd-e22fa9962805,function_stop_time,1773616352.308124,0.000015333
experiment_name,098e8094-e1da-4b0a-9cce-7ac1f38850c1,function_stop_time,1773616352.288535,0.000039333
experiment_name,592e860a-0b34-4fbd-b483-6daa3dc35c13,function_stop_time,1773616352.27217,0.000019083
experiment_name,2cfba779-4a94-4515-a899-e781168361f0,function_stop_time,1773616352.310117,0.000015083
experiment_name,9caa1377-c676-4c1f-b45c-ef000f376e9c,function_stop_time,1773616352.294414,0.00001575
experiment_name,01434dce-919d-4433-9c3b-106d3bb4537f,function_stop_time,1773616352.255664,0.000021333
experiment_name,d94a15dc-9fc3-4f8a-bf98-08d62e5a2a46,function_stop_time,1773616352.311395,0.000019458
experiment_name,9702932c-1159-42b6-ba43-0b2b413632e1,function_stop_time,1773616352.280268,0.0000155
experiment_name,5a736632-22ed-41db-88a0-cbcf76a12285,function_stop_time,1773616352.286148,0.000017208
experiment_name,480e0e1c-c245-41a1-b5d7-7feff90d2e5c,function_stop_time,1773616352.30557,0.000015459
experiment_name,0f070b80-1b81-4abc-aef1-d8d3403c471a,function_stop_time,1773616352.295384,0.000019541
experiment_name,1ac3a32e-d66c-4277-a35f-462cf2fa7ffe,function_stop_time,1773616352.254127,0.000037875
experiment_name,461e8cfa-65ec-4b3c-84a8-72f3a6bde529,function_stop_time,1773616352.310988,0.000014833
experiment_name,ec7ae8b9-23c9-4d0e-a4bf-f282cd4ae7cb,function_stop_time,1773616352.300529,0.000065875
experiment_name,c8e549f5-c196-45c2-a039-4b81cec28ce0,function_stop_time,1773616352.293337,0.000021375
experiment_name,542ce83a-76a9-4631-80b2-759a2c98cb6b,function_stop_time,1773616352.302054,0.0000155
experiment_name,ddfb4e65-e29e-4757-a6be-ed31877ee294,function_stop_time,1773616352.298054,0.000020833
experiment_name,6b6643e3-96bd-464e-9efd-57014da30517,function_stop_time,1773616352.2997,0.00001625
experiment_name,6cc1bfa5-936a-4e52-a1a5-5194fa1445de,function_stop_time,1773616352.307567,0.000016833
experiment_name,c61b5b1d-2d9e-4a8b-ab26-4d4dca90f5c8,function_stop_time,1773616352.313018,0.000076042
experiment_name,6de7d503-3c96-4f7f-b94a-3dafccbae74e,function_stop_time,1773616352.283824,0.000017625
experiment_name,621eb9d9-ed0e-460e-8bcf-ad50e8b4a7b8,function_stop_time,1773616352.276352,0.000015
experiment_name,11db2bef-0a5c-4a37-b02c-3fa09f0d18ed,function_stop_time,1773616352.266436,0.000021916
experiment_name,8102f334-f6ea-41bc-a70a-f31882e0809a,function_stop_time,1773616352.277517,0.000016458
experiment_name,3b8f7315-56fc-451f-9264-31d4128ee9e0,function_stop_time,1773616352.31409,0.000018542
experiment_name,1beb37ea-2db1-446d-8c9f-d77fcb4eab45,function_stop_time,1773616352.312608,0.000015083
experiment_name,38e24fa3-efa8-4b71-9269-f48f0343310b,function_stop_time,1773616352.298832,0.000025542
experiment_name,cfc96abd-cbd3-4405-847c-e5a609e873e2,function_stop_time,1773616352.297166,0.000021959
experiment_name,dca258de-9ed0-4b6c-a4b8-01e7fd00fd91,function_stop_time,1773616352.269276,0.000017833
experiment_name,0ffe70d0-69f7-4d9f-8273-85a044b5ad52,function_stop_time,1773616352.30865,0.000015584
experiment_name,b8599134-4e59-4b77-a365-c52d3d1c5cf5,function_stop_time,1773616352.27909,0.000018083
experiment_name,011b884e-0710-45e9-b86f-1ee4c2505e10,function_stop_time,1773616352.314432,0.000066416
experiment_name,0fb23c49-f1ff-4a28-aee5-67192c00e774,function_stop_time,1773616352.291348,0.000018584
experiment_name,23aa1450-1ca2-4ead-bf72-cf8ae00d607c,function_stop_time,1773616352.310565,0.000014041
experiment_name,c94fadb1-4b74-4150-97d7-805fd608d222,function_stop_time,1773616352.31554,0.000015917
experiment_name,03ffcf34-a92e-4a50-8181-b220f1bcd419,function_stop_time,1773616352.26351,0.000018833
experiment_name,881345a6-4337-4680-bed9-60c65943ee99,function_stop_time,1773616352.264971,0.000017583
experiment_name,792af2cc-9acf-4bbd-8149-1e43590c02b3,function_stop_time,1773616352.303531,0.000014625
experiment_name,71737e93-eb8d-4cf7-bb16-c271845d1f79,function_stop_time,1773616352.314706,0.000014916
experiment_name,6cb00269-8c99-4d57-93e9-d74153859d93,function_stop_time,1773616352.273783,0.000025292
experiment_name,1bf4583c-dee3-41e7-bb2a-19dd0f55e794,function_stop_time,1773616352.3062,0.000014291
experiment_name,0944b7db-0259-44a4-a54b-efda6422d41b,function_stop_time,1773616352.25753,0.000026875
experiment_name,39d1efba-b6d1-40bb-b7e4-1cdda4a5598e,function_stop_time,1773616352.302766,0.000016833
experiment_name,7f917e14-54c7-4faa-a5dc-e2c143300c3a,function_stop_time,1773616352.289486,0.000018209
experiment_name,657dac17-9f96-435a-8c1b-8a61f547dd2e,function_stop_time,1773616352.304177,0.000020167
experiment_name,8994bbec-f5ed-4217-b425-e1d4f783bfda,function_stop_time,1773616352.306862,0.00001925
experiment_name,cbad586e-4dd1-4d91-9c98-506d2c5f525c,function_stop_time,1773616352.296329,0.000016792
experiment_name,9c680949-2091-4462-9c2d-b9be014af320,function_stop_time,1773616352.259032,0.00001575
experiment_name,14b5c6de-6af4-46a2-b9f8-376c6e9ead51,function_stop_time,1773616352.275081,0.000048541
experiment_name,84e82c18-e92e-4435-a5ec-3ade1f93fc21,function_stop_time,1773616352.315117,0.00001675
experiment_name,c9cf50da-3a89-4ae2-8585-c741672d9403,function_stop_time,1773616352.301257,0.000019792
experiment_name,ba445246-25bc-4539-9598-0c533de8ca54,function_stop_time,1773616352.285046,0.000017667
experiment_name,d547249b-1168-4386-b6e1-a4d225f3dd01,function_instantiate_time,1773616356.475525,4.105327959
experiment_name,2e7ab3f3-20b3-444e-b834-dcf5daeb433d,function_instantiate_time,1773616356.453088,4.082054583
experiment_name,269633ea-ea08-461e-b130-f77080333606,function_instantiate_time,1773616356.467431,4.096515792
experiment_name,43c1daff-7938-4ff5-8c3e-3a2327ef1797,function_instantiate_time,1773616356.46647,4.095474833
experiment_name,0c0a3c7a-75f0-4ade-a239-af7301de7112,function_instantiate_time,1773616356.477575,4.10703375
experiment_name,140dc000-706c-4d22-9b56-16729083b713,function_instantiate_time,1773616356.473585,4.102405417
experiment_name,4603196b-c162-4f9c-b64d-fd55d4a6d48d,function_instantiate_time,1773616356.471735,4.100917
experiment_name,8e4bbad0-bbae-4b83-ad66-5bb211c885dd,function_instantiate_time,1773616356.467673,4.096777833
experiment_name,ddfcd813-dd8b-4468-88d1-f3404aad66ea,function_instantiate_time,1773616356.477725,4.107779375
experiment_name,82244577-6d41-4b52-a78d-4cc9deefa03b,function_instantiate_time,1773616356.467466,4.096309875
experiment_name,143178aa-fb66-4659-9773-57f13963ffbe,function_instantiate_time,1773616356.472871,4.102275792
experiment_name,3071521d-2b72-4fd3-b6f1-7c248288759e,function_instantiate_time,1773616356.47173,4.101297958
experiment_name,dd91f80a-6f24-4911-a2d1-571ef70f794c,function_instantiate_time,1773616356.473974,4.103772583
experiment_name,472a09da-37e4-4c74-88bc-7a8861a0d1a6,function_instantiate_time,1773616356.47691,4.106306833
experiment_name,3071521d-2b72-4fd3-b6f1-7c248288759e,function_init_time,1773616356.471737,0.000043292
experiment_name,140dc000-706c-4d22-9b56-16729083b713,function_init_time,1773616356.473594,0.000071458
experiment_name,82244577-6d41-4b52-a78d-4cc9deefa03b,function_init_time,1773616356.467564,0.000098375
experiment_name,43c1daff-7938-4ff5-8c3e-3a2327ef1797,function_init_time,1773616356.466507,0.000085416
experiment_name,d547249b-1168-4386-b6e1-a4d225f3dd01,function_init_time,1773616356.475533,0.000078375
experiment_name,ddfcd813-dd8b-4468-88d1-f3404aad66ea,function_init_time,1773616356.477745,0.000030292
experiment_name,472a09da-37e4-4c74-88bc-7a8861a0d1a6,function_init_time,1773616356.476947,0.000043166
experiment_name,0c0a3c7a-75f0-4ade-a239-af7301de7112,function_init_time,1773616356.477681,0.000110625
experiment_name,269633ea-ea08-461e-b130-f77080333606,function_init_time,1773616356.467469,0.000093125
experiment_name,2e7ab3f3-20b3-444e-b834-dcf5daeb433d,function_init_time,1773616356.453136,0.000077334
experiment_name,143178aa-fb66-4659-9773-57f13963ffbe,function_init_time,1773616356.472887,0.000048542
experiment_name,dd91f80a-6f24-4911-a2d1-571ef70f794c,function_init_time,1773616356.474052,0.0000815
experiment_name,4603196b-c162-4f9c-b64d-fd55d4a6d48d,function_init_time,1773616356.471837,0.000101458
experiment_name,8e4bbad0-bbae-4b83-ad66-5bb211c885dd,function_init_time,1773616356.467778,0.000096416
experiment_name,dd91f80a-6f24-4911-a2d1-571ef70f794c,function_execution_time,1773616356.474243,0.000157958
experiment_name,269633ea-ea08-461e-b130-f77080333606,function_execution_time,1773616356.467648,0.00015675
experiment_name,8e4bbad0-bbae-4b83-ad66-5bb211c885dd,function_execution_time,1773616356.467983,0.000187166
experiment_name,8e4bbad0-bbae-4b83-ad66-5bb211c885dd,function_execution_time,1773616356.468164,0.000093958
experiment_name,0c0a3c7a-75f0-4ade-a239-af7301de7112,function_execution_time,1773616356.477885,0.000165958
experiment_name,0c0a3c7a-75f0-4ade-a239-af7301de7112,function_execution_time,1773616356.478037,0.000087541
experiment_name,2e7ab3f3-20b3-444e-b834-dcf5daeb433d,function_execution_time,1773616356.453267,0.000088916
experiment_name,2e7ab3f3-20b3-444e-b834-dcf5daeb433d,function_execution_time,1773616356.466941,0.000134666
experiment_name,43c1daff-7938-4ff5-8c3e-3a2327ef1797,function_execution_time,1773616356.466722,0.000190458
experiment_name,43c1daff-7938-4ff5-8c3e-3a2327ef1797,function_execution_time,1773616356.467884,0.000110333
experiment_name,43c1daff-7938-4ff5-8c3e-3a2327ef1797,function_execution_time,1773616356.468051,0.000122459
experiment_name,43c1daff-7938-4ff5-8c3e-3a2327ef1797,function_execution_time,1773616356.472172,0.000104291
experiment_name,43c1daff-7938-4ff5-8c3e-3a2327ef1797,function_execution_time,1773616356.474035,0.0001145
experiment_name,43c1daff-7938-4ff5-8c3e-3a2327ef1797,function_execution_time,1773616356.478029,0.000126792
experiment_name,472a09da-37e4-4c74-88bc-7a8861a0d1a6,function_execution_time,1773616356.477049,0.000070875
experiment_name,82244577-6d41-4b52-a78d-4cc9deefa03b,function_execution_time,1773616356.467747,0.000152958
experiment_name,82244577-6d41-4b52-a78d-4cc9deefa03b,function_execution_time,1773616356.468042,0.000159292
experiment_name,4603196b-c162-4f9c-b64d-fd55d4a6d48d,function_execution_time,1773616356.472022,0.000143625
experiment_name,4603196b-c162-4f9c-b64d-fd55d4a6d48d,function_execution_time,1773616356.472268,0.000086833
experiment_name,3071521d-2b72-4fd3-b6f1-7c248288759e,function_execution_time,1773616356.472182,0.000163833
experiment_name,d547249b-1168-4386-b6e1-a4d225f3dd01,function_execution_time,1773616356.475759,0.000079417
experiment_name,140dc000-706c-4d22-9b56-16729083b713,function_execution_time,1773616356.47388,0.000081125
experiment_name,140dc000-706c-4d22-9b56-16729083b713,function_execution_time,1773616356.474107,0.000076542
experiment_name,d547249b-1168-4386-b6e1-a4d225f3dd01,function_transfer_time,1773616356.4757,0.000159
experiment_name,2e7ab3f3-20b3-444e-b834-dcf5daeb433d,function_transfer_time,1773616356.453174,0.000038
experiment_name,2e7ab3f3-20b3-444e-b834-dcf5daeb433d,function_transfer_time,1773616356.466805,0.000166
experiment_name,43c1daff-7938-4ff5-8c3e-3a2327ef1797,function_transfer_time,1773616356.46652,0.013277
experiment_name,43c1daff-7938-4ff5-8c3e-3a2327ef1797,function_transfer_time,1773616356.467771,0.000059
experiment_name,43c1daff-7938-4ff5-8c3e-3a2327ef1797,function_transfer_time,1773616356.467933,0.000025
experiment_name,43c1daff-7938-4ff5-8c3e-3a2327ef1797,function_transfer_time,1773616356.472051,0.000101
experiment_name,43c1daff-7938-4ff5-8c3e-3a2327ef1797,function_transfer_time,1773616356.473907,0.000066
experiment_name,43c1daff-7938-4ff5-8c3e-3a2327ef1797,function_transfer_time,1773616356.477874,0.000047
experiment_name,472a09da-37e4-4c74-88bc-7a8861a0d1a6,function_transfer_time,1773616356.476977,0.000033
experiment_name,8e4bbad0-bbae-4b83-ad66-5bb211c885dd,function_transfer_time,1773616356.467819,0.000037
experiment_name,8e4bbad0-bbae-4b83-ad66-5bb211c885dd,function_transfer_time,1773616356.46806,0.000036
experiment_name,82244577-6d41-4b52-a78d-4cc9deefa03b,function_transfer_time,1773616356.467577,0.000043
experiment_name,82244577-6d41-4b52-a78d-4cc9deefa03b,function_transfer_time,1773616356.467895,0.000063
experiment_name,269633ea-ea08-461e-b130-f77080333606,function_transfer_time,1773616356.467486,0.00003
experiment_name,3071521d-2b72-4fd3-b6f1-7c248288759e,function_transfer_time,1773616356.472015,0.000275
experiment_name,4603196b-c162-4f9c-b64d-fd55d4a6d48d,function_transfer_time,1773616356.471881,0.000047
experiment_name,4603196b-c162-4f9c-b64d-fd55d4a6d48d,function_transfer_time,1773616356.472197,0.000062
experiment_name,dd91f80a-6f24-4911-a2d1-571ef70f794c,function_transfer_time,1773616356.474065,0.000032
experiment_name,0c0a3c7a-75f0-4ade-a239-af7301de7112,function_transfer_time,1773616356.477733,0.000048
experiment_name,0c0a3c7a-75f0-4ade-a239-af7301de7112,function_transfer_time,1773616356.477954,0.000037
experiment_name,140dc000-706c-4d22-9b56-16729083b713,function_transfer_time,1773616356.473872,0.000231
experiment_name,140dc000-706c-4d22-9b56-16729083b713,function_transfer_time,1773616356.474031,0.000049
experiment_name,731c005d-4c05-446a-a5c8-9ac3cb008d10,function_instantiate_time,1773616356.518538,4.188082083
experiment_name,4fb98d1d-41f3-4457-98b5-c445377017c4,function_instantiate_time,1773616356.519434,4.199120417
experiment_name,f0baa102-b208-471f-a938-0fe7bc21a6a7,function_instantiate_time,1773616356.496835,4.128040209
experiment_name,dfe09b6d-fc91-4c48-bcd5-a82038153490,function_instantiate_time,1773616356.506916,4.140715666
experiment_name,4c888e0d-c526-4c95-ab84-58bc069157ac,function_instantiate_time,1773616356.516124,4.152113542
experiment_name,16152267-c8c3-485a-9b81-3b2aee611d18,function_instantiate_time,1773616356.515559,4.151099292
experiment_name,6b2ac132-a1c0-47f0-a6fe-79f01e35db61,function_instantiate_time,1773616356.506541,4.138550125
experiment_name,6cd85b29-87bf-4125-9107-4ca0146f6a5c,function_instantiate_time,1773616356.506252,4.13889675
experiment_name,aad51f03-4026-4f7b-982d-3bf06935cbf9,function_instantiate_time,1773616356.509807,4.143091458
experiment_name,2778611b-e24c-403e-a6ab-819532094314,function_instantiate_time,1773616356.511867,4.146509625
experiment_name,95d47446-403b-441a-be6b-057935131eb0,function_instantiate_time,1773616356.516677,4.166504458
experiment_name,6f008d22-62e7-4a0d-8648-7682c8c22526,function_instantiate_time,1773616356.497374,4.1285015
experiment_name,52783552-7a0e-4da3-a6b5-40c8aa02730f,function_instantiate_time,1773616356.517195,4.175532959
experiment_name,787b2737-7d61-4dac-bfd9-56d66c6b9dd3,function_instantiate_time,1773616356.493906,4.12447375
experiment_name,6022224d-f87d-44cd-a074-405d2737a97b,function_instantiate_time,1773616356.51743,4.173459959
experiment_name,e205e0a1-525e-48ac-b0e9-1f0c6edee27f,function_instantiate_time,1773616356.499286,4.132091792
experiment_name,5ebb6f29-4ee5-4763-bd9f-5e0e5b259c6a,function_instantiate_time,1773616356.514483,4.149383041
experiment_name,8982cc5b-a531-4741-8d37-47d62f323909,function_instantiate_time,1773616356.505111,4.137537
experiment_name,c1c774b0-f591-4bc6-a00c-78ebb92cd09d,function_instantiate_time,1773616356.508259,4.1412535
experiment_name,a1ed3d4c-4c9d-423d-884b-6deb7ce38e27,function_instantiate_time,1773616356.509012,4.141351833
experiment_name,d1094a32-bf54-4e38-b6ff-b53776289ba0,function_instantiate_time,1773616356.510923,4.14535
experiment_name,4917559c-a48f-4f04-8dbe-998ea790fa3c,function_instantiate_time,1773616356.50175,4.13345325
experiment_name,2981df99-5f04-4e28-9395-cdb41e9f3e77,function_instantiate_time,1773616356.488307,4.118497209
experiment_name,fc268d55-c326-40c0-a01d-1da3e1127f79,function_instantiate_time,1773616356.518554,4.190974541
experiment_name,69eb31f3-450e-4d0b-b170-1134802c15b2,function_instantiate_time,1773616356.504364,4.136566459
experiment_name,bf3752d2-8d98-4a81-a4d9-4a9e7635e9fd,function_instantiate_time,1773616356.506808,4.139918833
experiment_name,e236faaf-21b0-466c-a27b-ff8148342483,function_instantiate_time,1773616356.520028,4.203835208
experiment_name,2d12aa19-b8d4-455b-8c3e-6a1bdfef9025,function_instantiate_time,1773616356.502132,4.133400292
experiment_name,68fea31b-46eb-43fc-84c3-72d07b3552dc,function_instantiate_time,1773616356.520385,4.204107584
experiment_name,27f8358b-40c4-4540-b1c4-250b66cbb1c2,function_instantiate_time,1773616356.52061,4.2045675
experiment_name,383898f5-14da-46c8-b19e-66e8f31aae14,function_instantiate_time,1773616356.51789,4.185608791
experiment_name,0b1c8d7a-71dd-49e2-ae7f-a0d293465860,function_instantiate_time,1773616356.494973,4.126125958
experiment_name,a27b2e20-730a-49b2-b6f0-9a14deac85b9,function_instantiate_time,1773616356.510425,4.144002875
experiment_name,817289a3-0cf1-4369-8467-226092e87bf4,function_instantiate_time,1773616356.517887,4.179228625
experiment_name,182ad520-3107-4674-b833-6b65621f647e,function_instantiate_time,1773616356.52011,4.204000708
experiment_name,c2072005-c4dc-4d44-990f-3a8b4c43e4f5,function_instantiate_time,1773616356.513675,4.148886125
experiment_name,1bb82463-47cf-40f8-9883-96924a261864,function_instantiate_time,1773616356.513723,4.166408083
experiment_name,9757d736-4115-41d3-ba00-8d805f29699c,function_instantiate_time,1773616356.519511,4.203377833
experiment_name,4fe5b3a7-eb98-4a86-89aa-615816da30f6,function_instantiate_time,1773616356.49583,4.126701625
experiment_name,2236c218-9f8d-434a-93c8-891151a7efa0,function_instantiate_time,1773616356.493897,4.124563875
experiment_name,2e3be82b-4d69-495b-97bc-ef6032b4d3fb,function_instantiate_time,1773616356.520474,4.2043445
experiment_name,d024227d-531f-4076-ac6e-eccbcf1ce29a,function_instantiate_time,1773616356.489467,4.119588792
experiment_name,27c4ce94-7e72-4b0a-8f93-81605d18ec3d,function_instantiate_time,1773616356.519483,4.202736
experiment_name,3459de08-5bd9-417d-aa0d-c3d72958a2c3,function_instantiate_time,1773616356.511303,4.14526
experiment_name,dfac968b-481a-470c-9f7c-f685ebe68c68,function_instantiate_time,1773616356.518535,4.187853042
experiment_name,20fe11f4-4c09-4f79-85a0-ae883a83a688,function_instantiate_time,1773616356.515806,4.155613125
experiment_name,7819ce35-a36e-4c31-800c-79ce7dc2010f,function_instantiate_time,1773616356.499996,4.131642125
experiment_name,af4aa09f-2094-49c3-9889-bd776e268307,function_instantiate_time,1773616356.51109,4.145224916
experiment_name,45033355-ac55-4403-9593-bfe2959216e0,function_instantiate_time,1773616356.518837,4.188217708
experiment_name,6e056164-5ab7-42ca-a270-b9a94d698480,function_instantiate_time,1773616356.5148,4.150461167
experiment_name,865750f2-92c2-4309-8e97-76b716749d8a,function_instantiate_time,1773616356.511321,4.14592325
experiment_name,847c18b9-c617-4f7a-b0c6-fd65b4488c97,function_instantiate_time,1773616356.512697,4.161127333
experiment_name,af970636-2a70-44b6-b856-7d56f4845382,function_instantiate_time,1773616356.517312,4.200923459
experiment_name,cb86e657-d592-446a-90c8-d8c32adfb26c,function_instantiate_time,1773616356.511408,4.146787834
experiment_name,1ea0908a-f630-40ac-a607-d7debd219f8b,function_instantiate_time,1773616356.519775,4.203585958
experiment_name,7819ce35-a36e-4c31-800c-79ce7dc2010f,function_init_time,1773616356.5,0.000035917
experiment_name,c2072005-c4dc-4d44-990f-3a8b4c43e4f5,function_init_time,1773616356.51371,0.000045667
experiment_name,dfe09b6d-fc91-4c48-bcd5-a82038153490,function_init_time,1773616356.506977,0.000046917
experiment_name,69eb31f3-450e-4d0b-b170-1134802c15b2,function_init_time,1773616356.504416,0.000044083
experiment_name,6f008d22-62e7-4a0d-8648-7682c8c22526,function_init_time,1773616356.497381,0.000057916
experiment_name,817289a3-0cf1-4369-8467-226092e87bf4,function_init_time,1773616356.517939,0.000043625
experiment_name,e236faaf-21b0-466c-a27b-ff8148342483,function_init_time,1773616356.520113,0.000086417
experiment_name,0b1c8d7a-71dd-49e2-ae7f-a0d293465860,function_init_time,1773616356.495106,0.0001375
experiment_name,cb86e657-d592-446a-90c8-d8c32adfb26c,function_init_time,1773616356.511529,0.000114917
experiment_name,a27b2e20-730a-49b2-b6f0-9a14deac85b9,function_init_time,1773616356.510461,0.000037291
experiment_name,45033355-ac55-4403-9593-bfe2959216e0,function_init_time,1773616356.518908,0.000072083
experiment_name,e205e0a1-525e-48ac-b0e9-1f0c6edee27f,function_init_time,1773616356.499301,0.000026042
experiment_name,3459de08-5bd9-417d-aa0d-c3d72958a2c3,function_init_time,1773616356.511365,0.000059583
experiment_name,2778611b-e24c-403e-a6ab-819532094314,function_init_time,1773616356.511939,0.0000465
experiment_name,6e056164-5ab7-42ca-a270-b9a94d698480,function_init_time,1773616356.514862,0.000072333
experiment_name,847c18b9-c617-4f7a-b0c6-fd65b4488c97,function_init_time,1773616356.512721,0.000029
experiment_name,182ad520-3107-4674-b833-6b65621f647e,function_init_time,1773616356.520233,0.000096542
experiment_name,1ea0908a-f630-40ac-a607-d7debd219f8b,function_init_time,1773616356.519814,0.000052334
experiment_name,2981df99-5f04-4e28-9395-cdb41e9f3e77,function_init_time,1773616356.488321,0.000135167
experiment_name,95d47446-403b-441a-be6b-057935131eb0,function_init_time,1773616356.51671,0.000033167
experiment_name,787b2737-7d61-4dac-bfd9-56d66c6b9dd3,function_init_time,1773616356.493947,0.000070833
experiment_name,27f8358b-40c4-4540-b1c4-250b66cbb1c2,function_init_time,1773616356.520682,0.000076084
experiment_name,9757d736-4115-41d3-ba00-8d805f29699c,function_init_time,1773616356.519558,0.000043417
experiment_name,6022224d-f87d-44cd-a074-405d2737a97b,function_init_time,1773616356.517532,0.000081542
experiment_name,a1ed3d4c-4c9d-423d-884b-6deb7ce38e27,function_init_time,1773616356.509069,0.0000355
experiment_name,d024227d-531f-4076-ac6e-eccbcf1ce29a,function_init_time,1773616356.489472,0.000085125
experiment_name,bf3752d2-8d98-4a81-a4d9-4a9e7635e9fd,function_init_time,1773616356.506854,0.000052625
experiment_name,aad51f03-4026-4f7b-982d-3bf06935cbf9,function_init_time,1773616356.509837,0.000037083
experiment_name,383898f5-14da-46c8-b19e-66e8f31aae14,function_init_time,1773616356.517923,0.000038333
experiment_name,52783552-7a0e-4da3-a6b5-40c8aa02730f,function_init_time,1773616356.517236,0.000032125
experiment_name,4fb98d1d-41f3-4457-98b5-c445377017c4,function_init_time,1773616356.519469,0.000045583
experiment_name,731c005d-4c05-446a-a5c8-9ac3cb008d10,function_init_time,1773616356.518599,0.000056875
experiment_name,865750f2-92c2-4309-8e97-76b716749d8a,function_init_time,1773616356.511385,0.00006725
experiment_name,fc268d55-c326-40c0-a01d-1da3e1127f79,function_init_time,1773616356.518607,0.000051292
experiment_name,8982cc5b-a531-4741-8d37-47d62f323909,function_init_time,1773616356.505128,0.000035167
experiment_name,2d12aa19-b8d4-455b-8c3e-6a1bdfef9025,function_init_time,1773616356.502142,0.00009975
experiment_name,4fe5b3a7-eb98-4a86-89aa-615816da30f6,function_init_time,1773616356.495905,0.000080625
experiment_name,68fea31b-46eb-43fc-84c3-72d07b3552dc,function_init_time,1773616356.520476,0.000080666
experiment_name,6cd85b29-87bf-4125-9107-4ca0146f6a5c,function_init_time,1773616356.50631,0.000057333
experiment_name,5ebb6f29-4ee5-4763-bd9f-5e0e5b259c6a,function_init_time,1773616356.514591,0.000120583
experiment_name,2e3be82b-4d69-495b-97bc-ef6032b4d3fb,function_init_time,1773616356.520501,0.000060292
experiment_name,16152267-c8c3-485a-9b81-3b2aee611d18,function_init_time,1773616356.515619,0.000059375
experiment_name,af970636-2a70-44b6-b856-7d56f4845382,function_init_time,1773616356.517346,0.000040792
experiment_name,27c4ce94-7e72-4b0a-8f93-81605d18ec3d,function_init_time,1773616356.519547,0.000059041
experiment_name,4917559c-a48f-4f04-8dbe-998ea790fa3c,function_init_time,1773616356.501896,0.000099
experiment_name,c1c774b0-f591-4bc6-a00c-78ebb92cd09d,function_init_time,1773616356.508301,0.000036084
experiment_name,1bb82463-47cf-40f8-9883-96924a261864,function_init_time,1773616356.513788,0.000041291
experiment_name,20fe11f4-4c09-4f79-85a0-ae883a83a688,function_init_time,1773616356.515852,0.000065083
experiment_name,2236c218-9f8d-434a-93c8-891151a7efa0,function_init_time,1773616356.494043,0.000124041
experiment_name,6b2ac132-a1c0-47f0-a6fe-79f01e35db61,function_init_time,1773616356.506585,0.000041125
experiment_name,f0baa102-b208-471f-a938-0fe7bc21a6a7,function_init_time,1773616356.496844,0.00007125
experiment_name,4c888e0d-c526-4c95-ab84-58bc069157ac,function_init_time,1773616356.516183,0.000056
experiment_name,d1094a32-bf54-4e38-b6ff-b53776289ba0,function_init_time,1773616356.510957,0.000034125
experiment_name,af4aa09f-2094-49c3-9889-bd776e268307,function_init_time,1773616356.511169,0.000046458
experiment_name,dfac968b-481a-470c-9f7c-f685ebe68c68,function_init_time,1773616356.518583,0.000044375
experiment_name,6022224d-f87d-44cd-a074-405d2737a97b,function_execution_time,1773616356.51764,0.000102291
experiment_name,6022224d-f87d-44cd-a074-405d2737a97b,function_execution_time,1773616356.517763,0.000063875
experiment_name,fc268d55-c326-40c0-a01d-1da3e1127f79,function_execution_time,1773616356.51873,0.00010875
experiment_name,fc268d55-c326-40c0-a01d-1da3e1127f79,function_execution_time,1773616356.519202,0.000236291
experiment_name,2d12aa19-b8d4-455b-8c3e-6a1bdfef9025,function_execution_time,1773616356.502294,0.000109833
experiment_name,2d12aa19-b8d4-455b-8c3e-6a1bdfef9025,function_execution_time,1773616356.502403,0.000074625
experiment_name,787b2737-7d61-4dac-bfd9-56d66c6b9dd3,function_execution_time,1773616356.494093,0.000086208
experiment_name,787b2737-7d61-4dac-bfd9-56d66c6b9dd3,function_execution_time,1773616356.515266,0.000345
experiment_name,d1094a32-bf54-4e38-b6ff-b53776289ba0,function_execution_time,1773616356.51103,0.000061
experiment_name,d1094a32-bf54-4e38-b6ff-b53776289ba0,function_execution_time,1773616356.511277,0.000116667
experiment_name,45033355-ac55-4403-9593-bfe2959216e0,function_execution_time,1773616356.519111,0.000179167
experiment_name,45033355-ac55-4403-9593-bfe2959216e0,function_execution_time,1773616356.519325,0.000055083
experiment_name,27c4ce94-7e72-4b0a-8f93-81605d18ec3d,function_execution_time,1773616356.519873,0.0002305
experiment_name,27c4ce94-7e72-4b0a-8f93-81605d18ec3d,function_execution_time,1773616356.520333,0.000332667
experiment_name,aad51f03-4026-4f7b-982d-3bf06935cbf9,function_execution_time,1773616356.509912,0.000069958
experiment_name,aad51f03-4026-4f7b-982d-3bf06935cbf9,function_execution_time,1773616356.510054,0.000056958
experiment_name,3071521d-2b72-4fd3-b6f1-7c248288759e,function_execution_time,1773616356.514023,0.000203708
experiment_name,e236faaf-21b0-466c-a27b-ff8148342483,function_execution_time,1773616356.520374,0.000206125
experiment_name,e236faaf-21b0-466c-a27b-ff8148342483,function_execution_time,1773616356.520761,0.000129459
experiment_name,68fea31b-46eb-43fc-84c3-72d07b3552dc,function_execution_time,1773616356.52064,0.000107334
experiment_name,68fea31b-46eb-43fc-84c3-72d07b3552dc,function_execution_time,1773616356.520903,0.00013475
experiment_name,27f8358b-40c4-4540-b1c4-250b66cbb1c2,function_execution_time,1773616356.520875,0.000157542
experiment_name,27f8358b-40c4-4540-b1c4-250b66cbb1c2,function_execution_time,1773616356.521039,0.000048125
experiment_name,69eb31f3-450e-4d0b-b170-1134802c15b2,function_execution_time,1773616356.504525,0.00007225
experiment_name,69eb31f3-450e-4d0b-b170-1134802c15b2,function_execution_time,1773616356.504706,0.000054709
experiment_name,af970636-2a70-44b6-b856-7d56f4845382,function_execution_time,1773616356.517451,0.00009325
experiment_name,43c1daff-7938-4ff5-8c3e-3a2327ef1797,function_execution_time,1773616356.490207,0.0000905
experiment_name,43c1daff-7938-4ff5-8c3e-3a2327ef1797,function_execution_time,1773616356.494346,0.000132416
experiment_name,43c1daff-7938-4ff5-8c3e-3a2327ef1797,function_execution_time,1773616356.497204,0.000073709
experiment_name,43c1daff-7938-4ff5-8c3e-3a2327ef1797,function_execution_time,1773616356.50067,0.000165791
experiment_name,43c1daff-7938-4ff5-8c3e-3a2327ef1797,function_execution_time,1773616356.502347,0.00009
experiment_name,43c1daff-7938-4ff5-8c3e-3a2327ef1797,function_execution_time,1773616356.502388,0.000075
experiment_name,43c1daff-7938-4ff5-8c3e-3a2327ef1797,function_execution_time,1773616356.504625,0.000076583
experiment_name,43c1daff-7938-4ff5-8c3e-3a2327ef1797,function_execution_time,1773616356.505295,0.0000715
experiment_name,43c1daff-7938-4ff5-8c3e-3a2327ef1797,function_execution_time,1773616356.506744,0.000076291
experiment_name,43c1daff-7938-4ff5-8c3e-3a2327ef1797,function_execution_time,1773616356.508478,0.000069833
experiment_name,43c1daff-7938-4ff5-8c3e-3a2327ef1797,function_execution_time,1773616356.509246,0.000072792
experiment_name,43c1daff-7938-4ff5-8c3e-3a2327ef1797,function_execution_time,1773616356.510005,0.000072958
experiment_name,43c1daff-7938-4ff5-8c3e-3a2327ef1797,function_execution_time,1773616356.510599,0.000074917
experiment_name,43c1daff-7938-4ff5-8c3e-3a2327ef1797,function_execution_time,1773616356.511193,0.000086584
experiment_name,43c1daff-7938-4ff5-8c3e-3a2327ef1797,function_execution_time,1773616356.51156,0.0001725
experiment_name,43c1daff-7938-4ff5-8c3e-3a2327ef1797,function_execution_time,1773616356.511787,0.0001445
experiment_name,43c1daff-7938-4ff5-8c3e-3a2327ef1797,function_execution_time,1773616356.511962,0.000123125
experiment_name,43c1daff-7938-4ff5-8c3e-3a2327ef1797,function_execution_time,1773616356.512144,0.000065709
experiment_name,43c1daff-7938-4ff5-8c3e-3a2327ef1797,function_execution_time,1773616356.515411,0.000446541
experiment_name,43c1daff-7938-4ff5-8c3e-3a2327ef1797,function_execution_time,1773616356.515796,0.000389291
experiment_name,43c1daff-7938-4ff5-8c3e-3a2327ef1797,function_execution_time,1773616356.516174,0.000110125
experiment_name,43c1daff-7938-4ff5-8c3e-3a2327ef1797,function_execution_time,1773616356.516349,0.0000755
experiment_name,43c1daff-7938-4ff5-8c3e-3a2327ef1797,function_execution_time,1773616356.517701,0.000070917
experiment_name,43c1daff-7938-4ff5-8c3e-3a2327ef1797,function_execution_time,1773616356.518091,0.000074125
experiment_name,43c1daff-7938-4ff5-8c3e-3a2327ef1797,function_execution_time,1773616356.518203,0.000112167
experiment_name,43c1daff-7938-4ff5-8c3e-3a2327ef1797,function_execution_time,1773616356.51881,0.000087959
experiment_name,43c1daff-7938-4ff5-8c3e-3a2327ef1797,function_execution_time,1773616356.518955,0.0001555
experiment_name,43c1daff-7938-4ff5-8c3e-3a2327ef1797,function_execution_time,1773616356.519184,0.0002085
experiment_name,43c1daff-7938-4ff5-8c3e-3a2327ef1797,function_execution_time,1773616356.519894,0.000133583
experiment_name,43c1daff-7938-4ff5-8c3e-3a2327ef1797,function_execution_time,1773616356.520486,0.000200458
experiment_name,43c1daff-7938-4ff5-8c3e-3a2327ef1797,function_execution_time,1773616356.520619,0.000138375
experiment_name,43c1daff-7938-4ff5-8c3e-3a2327ef1797,function_execution_time,1773616356.520744,0.000120875
experiment_name,43c1daff-7938-4ff5-8c3e-3a2327ef1797,function_execution_time,1773616356.520897,0.000143791
experiment_name,43c1daff-7938-4ff5-8c3e-3a2327ef1797,function_execution_time,1773616356.520975,0.000072
experiment_name,143178aa-fb66-4659-9773-57f13963ffbe,function_execution_time,1773616356.517631,0.000139917
experiment_name,cb86e657-d592-446a-90c8-d8c32adfb26c,function_execution_time,1773616356.511893,0.000353542
experiment_name,cb86e657-d592-446a-90c8-d8c32adfb26c,function_execution_time,1773616356.51204,0.000084042
experiment_name,0b1c8d7a-71dd-49e2-ae7f-a0d293465860,function_execution_time,1773616356.495288,0.00015675
experiment_name,0b1c8d7a-71dd-49e2-ae7f-a0d293465860,function_execution_time,1773616356.515567,0.00023025
experiment_name,4c888e0d-c526-4c95-ab84-58bc069157ac,function_execution_time,1773616356.516276,0.000077667
experiment_name,4c888e0d-c526-4c95-ab84-58bc069157ac,function_execution_time,1773616356.516392,0.000052875
experiment_name,8982cc5b-a531-4741-8d37-47d62f323909,function_execution_time,1773616356.505207,0.000067541
experiment_name,8982cc5b-a531-4741-8d37-47d62f323909,function_execution_time,1773616356.505352,0.000067333
experiment_name,c2072005-c4dc-4d44-990f-3a8b4c43e4f5,function_execution_time,1773616356.513845,0.000087584
experiment_name,c2072005-c4dc-4d44-990f-3a8b4c43e4f5,function_execution_time,1773616356.514034,0.000212916
experiment_name,c2072005-c4dc-4d44-990f-3a8b4c43e4f5,function_execution_time,1773616356.514347,0.000288458
experiment_name,c2072005-c4dc-4d44-990f-3a8b4c43e4f5,function_execution_time,1773616356.514652,0.000224958
experiment_name,c2072005-c4dc-4d44-990f-3a8b4c43e4f5,function_execution_time,1773616356.514848,0.00026825
experiment_name,c2072005-c4dc-4d44-990f-3a8b4c43e4f5,function_execution_time,1773616356.515306,0.000445166
experiment_name,c2072005-c4dc-4d44-990f-3a8b4c43e4f5,function_execution_time,1773616356.515587,0.000278875
experiment_name,c2072005-c4dc-4d44-990f-3a8b4c43e4f5,function_execution_time,1773616356.515989,0.000187
experiment_name,c2072005-c4dc-4d44-990f-3a8b4c43e4f5,function_execution_time,1773616356.517427,0.000093375
experiment_name,c2072005-c4dc-4d44-990f-3a8b4c43e4f5,function_execution_time,1773616356.519783,0.000188833
experiment_name,a27b2e20-730a-49b2-b6f0-9a14deac85b9,function_execution_time,1773616356.510521,0.000061167
experiment_name,a27b2e20-730a-49b2-b6f0-9a14deac85b9,function_execution_time,1773616356.510684,0.000054875
experiment_name,a1ed3d4c-4c9d-423d-884b-6deb7ce38e27,function_execution_time,1773616356.509169,0.000072333
experiment_name,a1ed3d4c-4c9d-423d-884b-6deb7ce38e27,function_execution_time,1773616356.509302,0.000053833
experiment_name,dfe09b6d-fc91-4c48-bcd5-a82038153490,function_execution_time,1773616356.50711,0.000119333
experiment_name,4fb98d1d-41f3-4457-98b5-c445377017c4,function_execution_time,1773616356.519604,0.000105167
experiment_name,4fb98d1d-41f3-4457-98b5-c445377017c4,function_execution_time,1773616356.520106,0.000278917
experiment_name,52783552-7a0e-4da3-a6b5-40c8aa02730f,function_execution_time,1773616356.517306,0.000066458
experiment_name,52783552-7a0e-4da3-a6b5-40c8aa02730f,function_execution_time,1773616356.517597,0.000156958
experiment_name,7819ce35-a36e-4c31-800c-79ce7dc2010f,function_execution_time,1773616356.500414,0.000220084
experiment_name,7819ce35-a36e-4c31-800c-79ce7dc2010f,function_execution_time,1773616356.500818,0.000132542
experiment_name,383898f5-14da-46c8-b19e-66e8f31aae14,function_execution_time,1773616356.518003,0.00006775
experiment_name,383898f5-14da-46c8-b19e-66e8f31aae14,function_execution_time,1773616356.518261,0.000163208
experiment_name,d024227d-531f-4076-ac6e-eccbcf1ce29a,function_execution_time,1773616356.489985,0.000076
experiment_name,d024227d-531f-4076-ac6e-eccbcf1ce29a,function_execution_time,1773616356.490312,0.000059875
experiment_name,5ebb6f29-4ee5-4763-bd9f-5e0e5b259c6a,function_execution_time,1773616356.51493,0.000353375
experiment_name,5ebb6f29-4ee5-4763-bd9f-5e0e5b259c6a,function_execution_time,1773616356.51532,0.000118792
experiment_name,731c005d-4c05-446a-a5c8-9ac3cb008d10,function_execution_time,1773616356.518735,0.000120375
experiment_name,731c005d-4c05-446a-a5c8-9ac3cb008d10,function_execution_time,1773616356.519243,0.000084875
experiment_name,2236c218-9f8d-434a-93c8-891151a7efa0,function_execution_time,1773616356.494224,0.000180792
experiment_name,2236c218-9f8d-434a-93c8-891151a7efa0,function_execution_time,1773616356.494509,0.000129042
experiment_name,c1c774b0-f591-4bc6-a00c-78ebb92cd09d,function_execution_time,1773616356.508393,0.000078625
experiment_name,c1c774b0-f591-4bc6-a00c-78ebb92cd09d,function_execution_time,1773616356.508514,0.000061417
experiment_name,6b2ac132-a1c0-47f0-a6fe-79f01e35db61,function_execution_time,1773616356.506683,0.000066584
experiment_name,6b2ac132-a1c0-47f0-a6fe-79f01e35db61,function_execution_time,1773616356.507023,0.000212958
experiment_name,1bb82463-47cf-40f8-9883-96924a261864,function_execution_time,1773616356.513898,0.00012525
experiment_name,1bb82463-47cf-40f8-9883-96924a261864,function_execution_time,1773616356.514114,0.000188459
experiment_name,1bb82463-47cf-40f8-9883-96924a261864,function_execution_time,1773616356.514332,0.00019275
experiment_name,1bb82463-47cf-40f8-9883-96924a261864,function_execution_time,1773616356.514786,0.000407958
experiment_name,1bb82463-47cf-40f8-9883-96924a261864,function_execution_time,1773616356.515292,0.000460167
experiment_name,1bb82463-47cf-40f8-9883-96924a261864,function_execution_time,1773616356.515522,0.000311541
experiment_name,1bb82463-47cf-40f8-9883-96924a261864,function_execution_time,1773616356.516842,0.000066
experiment_name,1bb82463-47cf-40f8-9883-96924a261864,function_execution_time,1773616356.519322,0.000206792
experiment_name,1bb82463-47cf-40f8-9883-96924a261864,function_execution_time,1773616356.520018,0.000161208
experiment_name,4fe5b3a7-eb98-4a86-89aa-615816da30f6,function_execution_time,1773616356.496078,0.000140209
experiment_name,4fe5b3a7-eb98-4a86-89aa-615816da30f6,function_execution_time,1773616356.51466,0.000189916
experiment_name,6cd85b29-87bf-4125-9107-4ca0146f6a5c,function_execution_time,1773616356.506396,0.00006575
experiment_name,6cd85b29-87bf-4125-9107-4ca0146f6a5c,function_execution_time,1773616356.515848,0.000254125
experiment_name,95d47446-403b-441a-be6b-057935131eb0,function_execution_time,1773616356.516774,0.000060375
experiment_name,95d47446-403b-441a-be6b-057935131eb0,function_execution_time,1773616356.516916,0.000059541
experiment_name,847c18b9-c617-4f7a-b0c6-fd65b4488c97,function_execution_time,1773616356.512803,0.000077084
experiment_name,f0baa102-b208-471f-a938-0fe7bc21a6a7,function_execution_time,1773616356.497076,0.000079791
experiment_name,f0baa102-b208-471f-a938-0fe7bc21a6a7,function_execution_time,1773616356.497376,0.000077375
experiment_name,4917559c-a48f-4f04-8dbe-998ea790fa3c,function_execution_time,1773616356.50227,0.000087667
experiment_name,4917559c-a48f-4f04-8dbe-998ea790fa3c,function_execution_time,1773616356.502396,0.000081625
experiment_name,865750f2-92c2-4309-8e97-76b716749d8a,function_execution_time,1773616356.511639,0.000243125
experiment_name,865750f2-92c2-4309-8e97-76b716749d8a,function_execution_time,1773616356.515594,0.000133875
experiment_name,e205e0a1-525e-48ac-b0e9-1f0c6edee27f,function_execution_time,1773616356.507179,0.000071
experiment_name,16152267-c8c3-485a-9b81-3b2aee611d18,function_execution_time,1773616356.51582,0.000201709
experiment_name,16152267-c8c3-485a-9b81-3b2aee611d18,function_execution_time,1773616356.516046,0.00007375
experiment_name,af4aa09f-2094-49c3-9889-bd776e268307,function_execution_time,1773616356.511376,0.000182042
experiment_name,af4aa09f-2094-49c3-9889-bd776e268307,function_execution_time,1773616356.511752,0.000226334
experiment_name,9757d736-4115-41d3-ba00-8d805f29699c,function_execution_time,1773616356.519696,0.00012825
experiment_name,9757d736-4115-41d3-ba00-8d805f29699c,function_execution_time,1773616356.520262,0.000339
experiment_name,20fe11f4-4c09-4f79-85a0-ae883a83a688,function_execution_time,1773616356.516059,0.000154459
experiment_name,20fe11f4-4c09-4f79-85a0-ae883a83a688,function_execution_time,1773616356.516233,0.000089333
experiment_name,472a09da-37e4-4c74-88bc-7a8861a0d1a6,function_execution_time,1773616356.514262,0.000188875
experiment_name,269633ea-ea08-461e-b130-f77080333606,function_execution_time,1773616356.514155,0.000280875
experiment_name,3459de08-5bd9-417d-aa0d-c3d72958a2c3,function_execution_time,1773616356.511698,0.000251541
experiment_name,3459de08-5bd9-417d-aa0d-c3d72958a2c3,function_execution_time,1773616356.511889,0.000113625
experiment_name,6f008d22-62e7-4a0d-8648-7682c8c22526,function_execution_time,1773616356.497489,0.000079917
experiment_name,6f008d22-62e7-4a0d-8648-7682c8c22526,function_execution_time,1773616356.514956,0.000337583
experiment_name,ddfcd813-dd8b-4468-88d1-f3404aad66ea,function_execution_time,1773616356.512836,0.000061875
experiment_name,bf3752d2-8d98-4a81-a4d9-4a9e7635e9fd,function_execution_time,1773616356.507173,0.000258666
experiment_name,bf3752d2-8d98-4a81-a4d9-4a9e7635e9fd,function_execution_time,1773616356.515428,0.000394375
experiment_name,dd91f80a-6f24-4911-a2d1-571ef70f794c,function_execution_time,1773616356.514185,0.000229458
experiment_name,2e3be82b-4d69-495b-97bc-ef6032b4d3fb,function_execution_time,1773616356.520907,0.000357333
experiment_name,2e3be82b-4d69-495b-97bc-ef6032b4d3fb,function_execution_time,1773616356.520985,0.00006125
experiment_name,1ea0908a-f630-40ac-a607-d7debd219f8b,function_execution_time,1773616356.520368,0.000436917
experiment_name,1ea0908a-f630-40ac-a607-d7debd219f8b,function_execution_time,1773616356.520572,0.00012
experiment_name,d547249b-1168-4386-b6e1-a4d225f3dd01,function_execution_time,1773616356.514532,0.000163459
experiment_name,2778611b-e24c-403e-a6ab-819532094314,function_execution_time,1773616356.512092,0.000121833
experiment_name,2778611b-e24c-403e-a6ab-819532094314,function_execution_time,1773616356.512199,0.000054209
experiment_name,817289a3-0cf1-4369-8467-226092e87bf4,function_execution_time,1773616356.518042,0.000074625
experiment_name,817289a3-0cf1-4369-8467-226092e87bf4,function_execution_time,1773616356.518264,0.000082084
experiment_name,6e056164-5ab7-42ca-a270-b9a94d698480,function_execution_time,1773616356.515379,0.0004345
experiment_name,6e056164-5ab7-42ca-a270-b9a94d698480,function_execution_time,1773616356.515895,0.000191209
experiment_name,2981df99-5f04-4e28-9395-cdb41e9f3e77,function_execution_time,1773616356.488467,0.000098708
experiment_name,2981df99-5f04-4e28-9395-cdb41e9f3e77,function_execution_time,1773616356.514887,0.00030975
experiment_name,dfac968b-481a-470c-9f7c-f685ebe68c68,function_execution_time,1773616356.518686,0.000098459
experiment_name,dfac968b-481a-470c-9f7c-f685ebe68c68,function_execution_time,1773616356.519051,0.000251125
experiment_name,6f008d22-62e7-4a0d-8648-7682c8c22526,function_stop_time,1773616356.529658,0.000018167
experiment_name,c1c774b0-f591-4bc6-a00c-78ebb92cd09d,function_stop_time,1773616356.54974,0.000016708
experiment_name,68fea31b-46eb-43fc-84c3-72d07b3552dc,function_stop_time,1773616356.52666,0.000017375
experiment_name,69eb31f3-450e-4d0b-b170-1134802c15b2,function_stop_time,1773616356.562569,0.00001525
experiment_name,847c18b9-c617-4f7a-b0c6-fd65b4488c97,function_stop_time,1773616356.570964,0.000015916
experiment_name,6022224d-f87d-44cd-a074-405d2737a97b,function_stop_time,1773616356.525307,0.000014666
experiment_name,7819ce35-a36e-4c31-800c-79ce7dc2010f,function_stop_time,1773616356.565045,0.000019708
experiment_name,dd91f80a-6f24-4911-a2d1-571ef70f794c,function_stop_time,1773616356.567159,0.000015291
experiment_name,f0baa102-b208-471f-a938-0fe7bc21a6a7,function_stop_time,1773616356.536531,0.0000155
experiment_name,383898f5-14da-46c8-b19e-66e8f31aae14,function_stop_time,1773616356.531201,0.000014625
experiment_name,a1ed3d4c-4c9d-423d-884b-6deb7ce38e27,function_stop_time,1773616356.573586,0.000017459
experiment_name,0b1c8d7a-71dd-49e2-ae7f-a0d293465860,function_stop_time,1773616356.540765,0.000014792
experiment_name,1bb82463-47cf-40f8-9883-96924a261864,function_stop_time,1773616356.55895,0.000033625
experiment_name,4c888e0d-c526-4c95-ab84-58bc069157ac,function_stop_time,1773616356.555121,0.00001675
experiment_name,5ebb6f29-4ee5-4763-bd9f-5e0e5b259c6a,function_stop_time,1773616356.556072,0.000016333
experiment_name,d547249b-1168-4386-b6e1-a4d225f3dd01,function_stop_time,1773616356.576019,0.000014167
experiment_name,52783552-7a0e-4da3-a6b5-40c8aa02730f,function_stop_time,1773616356.554156,0.000018083
experiment_name,3071521d-2b72-4fd3-b6f1-7c248288759e,function_stop_time,1773616356.552923,0.000022375
experiment_name,2236c218-9f8d-434a-93c8-891151a7efa0,function_stop_time,1773616356.53791,0.00001375
experiment_name,e236faaf-21b0-466c-a27b-ff8148342483,function_stop_time,1773616356.577679,0.000016917
experiment_name,9757d736-4115-41d3-ba00-8d805f29699c,function_stop_time,1773616356.574504,0.0000155
experiment_name,aad51f03-4026-4f7b-982d-3bf06935cbf9,function_stop_time,1773616356.579025,0.000025792
experiment_name,95d47446-403b-441a-be6b-057935131eb0,function_stop_time,1773616356.571475,0.000020292
experiment_name,269633ea-ea08-461e-b130-f77080333606,function_stop_time,1773616356.539307,0.000019584
experiment_name,af4aa09f-2094-49c3-9889-bd776e268307,function_stop_time,1773616356.560807,0.000018167
experiment_name,2778611b-e24c-403e-a6ab-819532094314,function_stop_time,1773616356.572586,0.000016792
experiment_name,2e3be82b-4d69-495b-97bc-ef6032b4d3fb,function_stop_time,1773616356.573113,0.000016209
experiment_name,4fe5b3a7-eb98-4a86-89aa-615816da30f6,function_stop_time,1773616356.543498,0.000019125
experiment_name,143178aa-fb66-4659-9773-57f13963ffbe,function_stop_time,1773616356.567964,0.000018042
experiment_name,bf3752d2-8d98-4a81-a4d9-4a9e7635e9fd,function_stop_time,1773616356.578228,0.000014125
experiment_name,2d12aa19-b8d4-455b-8c3e-6a1bdfef9025,function_stop_time,1773616356.577399,0.0000185
experiment_name,d024227d-531f-4076-ac6e-eccbcf1ce29a,function_stop_time,1773616356.569683,0.000020084
experiment_name,fc268d55-c326-40c0-a01d-1da3e1127f79,function_stop_time,1773616356.570373,0.000015292
experiment_name,16152267-c8c3-485a-9b81-3b2aee611d18,function_stop_time,1773616356.533827,0.000016958
experiment_name,2981df99-5f04-4e28-9395-cdb41e9f3e77,function_stop_time,1773616356.576381,0.000017166
experiment_name,43c1daff-7938-4ff5-8c3e-3a2327ef1797,function_stop_time,1773616356.522011,0.000020792
experiment_name,731c005d-4c05-446a-a5c8-9ac3cb008d10,function_stop_time,1773616356.566454,0.00001575
experiment_name,27f8358b-40c4-4540-b1c4-250b66cbb1c2,function_stop_time,1773616356.569039,0.000016125
experiment_name,6e056164-5ab7-42ca-a270-b9a94d698480,function_stop_time,1773616356.548634,0.000020167
experiment_name,8e4bbad0-bbae-4b83-ad66-5bb211c885dd,function_stop_time,1773616356.545954,0.000018791
experiment_name,6cd85b29-87bf-4125-9107-4ca0146f6a5c,function_stop_time,1773616356.559749,0.000014959
experiment_name,45033355-ac55-4403-9593-bfe2959216e0,function_stop_time,1773616356.532535,0.000014
experiment_name,c2072005-c4dc-4d44-990f-3a8b4c43e4f5,function_stop_time,1773616356.544882,0.000051417
experiment_name,e205e0a1-525e-48ac-b0e9-1f0c6edee27f,function_stop_time,1773616356.568526,0.00001425
experiment_name,af970636-2a70-44b6-b856-7d56f4845382,function_stop_time,1773616356.575324,0.000014417
experiment_name,dfac968b-481a-470c-9f7c-f685ebe68c68,function_stop_time,1773616356.563459,0.000025208
experiment_name,ddfcd813-dd8b-4468-88d1-f3404aad66ea,function_stop_time,1773616356.565866,0.000014917
experiment_name,4fb98d1d-41f3-4457-98b5-c445377017c4,function_stop_time,1773616356.574049,0.000019833
experiment_name,3459de08-5bd9-417d-aa0d-c3d72958a2c3,function_stop_time,1773616356.578829,0.000016542
experiment_name,2e7ab3f3-20b3-444e-b834-dcf5daeb433d,function_stop_time,1773616356.57845,0.000016042
experiment_name,cb86e657-d592-446a-90c8-d8c32adfb26c,function_stop_time,1773616356.575673,0.000016625
experiment_name,140dc000-706c-4d22-9b56-16729083b713,function_stop_time,1773616356.523538,0.000017584
experiment_name,20fe11f4-4c09-4f79-85a0-ae883a83a688,function_stop_time,1773616356.57204,0.000016667
experiment_name,0c0a3c7a-75f0-4ade-a239-af7301de7112,function_stop_time,1773616356.557037,0.000016959
experiment_name,182ad520-3107-4674-b833-6b65621f647e,function_stop_time,1773616356.52032,0.000075833
experiment_name,865750f2-92c2-4309-8e97-76b716749d8a,function_stop_time,1773616356.561705,0.000020167
experiment_name,4917559c-a48f-4f04-8dbe-998ea790fa3c,function_stop_time,1773616356.576719,0.000018208
experiment_name,817289a3-0cf1-4369-8467-226092e87bf4,function_stop_time,1773616356.574921,0.000014333
experiment_name,4603196b-c162-4f9c-b64d-fd55d4a6d48d,function_stop_time,1773616356.542095,0.000015791
experiment_name,6b2ac132-a1c0-47f0-a6fe-79f01e35db61,function_stop_time,1773616356.53515,0.000016041
experiment_name,82244577-6d41-4b52-a78d-4cc9deefa03b,function_stop_time,1773616356.54731,0.000016666
experiment_name,8982cc5b-a531-4741-8d37-47d62f323909,function_stop_time,1773616356.564229,0.000015875
experiment_name,a27b2e20-730a-49b2-b6f0-9a14deac85b9,function_stop_time,1773616356.578653,0.000015208
experiment_name,1ea0908a-f630-40ac-a607-d7debd219f8b,function_stop_time,1773616356.550908,0.000018208
experiment_name,472a09da-37e4-4c74-88bc-7a8861a0d1a6,function_stop_time,1773616356.528038,0.000019833
experiment_name,dfe09b6d-fc91-4c48-bcd5-a82038153490,function_stop_time,1773616356.558122,0.000015958
experiment_name,27c4ce94-7e72-4b0a-8f93-81605d18ec3d,function_stop_time,1773616356.551921,0.000016625
experiment_name,787b2737-7d61-4dac-bfd9-56d66c6b9dd3,function_stop_time,1773616356.577961,0.000015458
experiment_name,d1094a32-bf54-4e38-b6ff-b53776289ba0,function_stop_time,1773616356.577042,0.000016875
experiment_name,af970636-2a70-44b6-b856-7d56f4845382,function_transfer_time,1773616356.51736,0.000014
experiment_name,865750f2-92c2-4309-8e97-76b716749d8a,function_transfer_time,1773616356.511393,0.000031
experiment_name,865750f2-92c2-4309-8e97-76b716749d8a,function_transfer_time,1773616356.515478,0.000047
experiment_name,787b2737-7d61-4dac-bfd9-56d66c6b9dd3,function_transfer_time,1773616356.494019,0.000027
experiment_name,787b2737-7d61-4dac-bfd9-56d66c6b9dd3,function_transfer_time,1773616356.514841,0.000109
experiment_name,7819ce35-a36e-4c31-800c-79ce7dc2010f,function_transfer_time,1773616356.500395,0.000138
experiment_name,7819ce35-a36e-4c31-800c-79ce7dc2010f,function_transfer_time,1773616356.500679,0.000077
experiment_name,69eb31f3-450e-4d0b-b170-1134802c15b2,function_transfer_time,1773616356.504441,0.000044
experiment_name,69eb31f3-450e-4d0b-b170-1134802c15b2,function_transfer_time,1773616356.504642,0.000054
experiment_name,e205e0a1-525e-48ac-b0e9-1f0c6edee27f,function_transfer_time,1773616356.507105,0.000044
experiment_name,3459de08-5bd9-417d-aa0d-c3d72958a2c3,function_transfer_time,1773616356.511456,0.000075
experiment_name,3459de08-5bd9-417d-aa0d-c3d72958a2c3,function_transfer_time,1773616356.51178,0.000019
experiment_name,bf3752d2-8d98-4a81-a4d9-4a9e7635e9fd,function_transfer_time,1773616356.506909,0.000054
experiment_name,bf3752d2-8d98-4a81-a4d9-4a9e7635e9fd,function_transfer_time,1773616356.514987,0.000026
experiment_name,5ebb6f29-4ee5-4763-bd9f-5e0e5b259c6a,function_transfer_time,1773616356.51464,0.000023
experiment_name,5ebb6f29-4ee5-4763-bd9f-5e0e5b259c6a,function_transfer_time,1773616356.515258,0.000087
experiment_name,f0baa102-b208-471f-a938-0fe7bc21a6a7,function_transfer_time,1773616356.497068,0.000176
experiment_name,f0baa102-b208-471f-a938-0fe7bc21a6a7,function_transfer_time,1773616356.497369,0.000124
experiment_name,269633ea-ea08-461e-b130-f77080333606,function_transfer_time,1773616356.513879,0.000041
experiment_name,3071521d-2b72-4fd3-b6f1-7c248288759e,function_transfer_time,1773616356.513838,0.000035
experiment_name,a27b2e20-730a-49b2-b6f0-9a14deac85b9,function_transfer_time,1773616356.510471,0.000015
experiment_name,a27b2e20-730a-49b2-b6f0-9a14deac85b9,function_transfer_time,1773616356.510621,0.00005
experiment_name,16152267-c8c3-485a-9b81-3b2aee611d18,function_transfer_time,1773616356.515645,0.000014
experiment_name,16152267-c8c3-485a-9b81-3b2aee611d18,function_transfer_time,1773616356.515986,0.000021
experiment_name,d1094a32-bf54-4e38-b6ff-b53776289ba0,function_transfer_time,1773616356.510966,0.000013
experiment_name,d1094a32-bf54-4e38-b6ff-b53776289ba0,function_transfer_time,1773616356.511202,0.000032
experiment_name,383898f5-14da-46c8-b19e-66e8f31aae14,function_transfer_time,1773616356.517934,0.000013
experiment_name,383898f5-14da-46c8-b19e-66e8f31aae14,function_transfer_time,1773616356.518097,0.000038
experiment_name,dd91f80a-6f24-4911-a2d1-571ef70f794c,function_transfer_time,1773616356.51396,0.000065
experiment_name,731c005d-4c05-446a-a5c8-9ac3cb008d10,function_transfer_time,1773616356.518614,0.000025
experiment_name,731c005d-4c05-446a-a5c8-9ac3cb008d10,function_transfer_time,1773616356.519173,0.000045
experiment_name,847c18b9-c617-4f7a-b0c6-fd65b4488c97,function_transfer_time,1773616356.512738,0.000012
experiment_name,4917559c-a48f-4f04-8dbe-998ea790fa3c,function_transfer_time,1773616356.502135,0.000096
experiment_name,4917559c-a48f-4f04-8dbe-998ea790fa3c,function_transfer_time,1773616356.502361,0.000065
experiment_name,2236c218-9f8d-434a-93c8-891151a7efa0,function_transfer_time,1773616356.494068,0.000113
experiment_name,2236c218-9f8d-434a-93c8-891151a7efa0,function_transfer_time,1773616356.494358,0.000042
experiment_name,6f008d22-62e7-4a0d-8648-7682c8c22526,function_transfer_time,1773616356.497398,0.000043
experiment_name,6f008d22-62e7-4a0d-8648-7682c8c22526,function_transfer_time,1773616356.514674,0.000107
experiment_name,2e3be82b-4d69-495b-97bc-ef6032b4d3fb,function_transfer_time,1773616356.520548,0.000035
experiment_name,2e3be82b-4d69-495b-97bc-ef6032b4d3fb,function_transfer_time,1773616356.520913,0.000098
experiment_name,95d47446-403b-441a-be6b-057935131eb0,function_transfer_time,1773616356.516721,0.000012
experiment_name,95d47446-403b-441a-be6b-057935131eb0,function_transfer_time,1773616356.516856,0.00003
experiment_name,1bb82463-47cf-40f8-9883-96924a261864,function_transfer_time,1773616356.513824,0.046204
experiment_name,1bb82463-47cf-40f8-9883-96924a261864,function_transfer_time,1773616356.513911,0.03689
experiment_name,1bb82463-47cf-40f8-9883-96924a261864,function_transfer_time,1773616356.514118,0.018107
experiment_name,1bb82463-47cf-40f8-9883-96924a261864,function_transfer_time,1773616356.514341,0.016866
experiment_name,1bb82463-47cf-40f8-9883-96924a261864,function_transfer_time,1773616356.514794,0.007596
experiment_name,1bb82463-47cf-40f8-9883-96924a261864,function_transfer_time,1773616356.5153,0.003719
experiment_name,1bb82463-47cf-40f8-9883-96924a261864,function_transfer_time,1773616356.516771,0.000016
experiment_name,1bb82463-47cf-40f8-9883-96924a261864,function_transfer_time,1773616356.519074,0.000036
experiment_name,1bb82463-47cf-40f8-9883-96924a261864,function_transfer_time,1773616356.519902,0.000095
experiment_name,ddfcd813-dd8b-4468-88d1-f3404aad66ea,function_transfer_time,1773616356.512785,0.000015
experiment_name,45033355-ac55-4403-9593-bfe2959216e0,function_transfer_time,1773616356.518917,0.000023
experiment_name,45033355-ac55-4403-9593-bfe2959216e0,function_transfer_time,1773616356.519269,0.000017
experiment_name,a1ed3d4c-4c9d-423d-884b-6deb7ce38e27,function_transfer_time,1773616356.509097,0.000054
experiment_name,a1ed3d4c-4c9d-423d-884b-6deb7ce38e27,function_transfer_time,1773616356.509249,0.000031
experiment_name,4fb98d1d-41f3-4457-98b5-c445377017c4,function_transfer_time,1773616356.519478,0.000015
experiment_name,4fb98d1d-41f3-4457-98b5-c445377017c4,function_transfer_time,1773616356.519888,0.000111
experiment_name,52783552-7a0e-4da3-a6b5-40c8aa02730f,function_transfer_time,1773616356.517246,0.00001
experiment_name,52783552-7a0e-4da3-a6b5-40c8aa02730f,function_transfer_time,1773616356.517433,0.000079
experiment_name,6022224d-f87d-44cd-a074-405d2737a97b,function_transfer_time,1773616356.517581,0.00004
experiment_name,6022224d-f87d-44cd-a074-405d2737a97b,function_transfer_time,1773616356.517692,0.000019
experiment_name,d024227d-531f-4076-ac6e-eccbcf1ce29a,function_transfer_time,1773616356.489977,0.000522
experiment_name,d024227d-531f-4076-ac6e-eccbcf1ce29a,function_transfer_time,1773616356.490251,0.000163
experiment_name,2981df99-5f04-4e28-9395-cdb41e9f3e77,function_transfer_time,1773616356.488377,0.000152
experiment_name,2981df99-5f04-4e28-9395-cdb41e9f3e77,function_transfer_time,1773616356.514615,0.000098
experiment_name,472a09da-37e4-4c74-88bc-7a8861a0d1a6,function_transfer_time,1773616356.514078,0.000052
experiment_name,4fe5b3a7-eb98-4a86-89aa-615816da30f6,function_transfer_time,1773616356.495944,0.000036
experiment_name,4fe5b3a7-eb98-4a86-89aa-615816da30f6,function_transfer_time,1773616356.514366,0.000077
experiment_name,dfe09b6d-fc91-4c48-bcd5-a82038153490,function_transfer_time,1773616356.507007,0.000058
experiment_name,817289a3-0cf1-4369-8467-226092e87bf4,function_transfer_time,1773616356.517989,0.000043
experiment_name,817289a3-0cf1-4369-8467-226092e87bf4,function_transfer_time,1773616356.518184,0.000032
experiment_name,68fea31b-46eb-43fc-84c3-72d07b3552dc,function_transfer_time,1773616356.520535,0.000055
experiment_name,68fea31b-46eb-43fc-84c3-72d07b3552dc,function_transfer_time,1773616356.520769,0.000068
experiment_name,27f8358b-40c4-4540-b1c4-250b66cbb1c2,function_transfer_time,1773616356.520707,0.000015
experiment_name,27f8358b-40c4-4540-b1c4-250b66cbb1c2,function_transfer_time,1773616356.521,0.00005
experiment_name,4c888e0d-c526-4c95-ab84-58bc069157ac,function_transfer_time,1773616356.51622,0.000026
experiment_name,4c888e0d-c526-4c95-ab84-58bc069157ac,function_transfer_time,1773616356.516341,0.000019
experiment_name,dfac968b-481a-470c-9f7c-f685ebe68c68,function_transfer_time,1773616356.518594,0.000014
experiment_name,dfac968b-481a-470c-9f7c-f685ebe68c68,function_transfer_time,1773616356.51882,0.000028
experiment_name,c1c774b0-f591-4bc6-a00c-78ebb92cd09d,function_transfer_time,1773616356.508311,0.00003
experiment_name,c1c774b0-f591-4bc6-a00c-78ebb92cd09d,function_transfer_time,1773616356.508458,0.000014
experiment_name,1ea0908a-f630-40ac-a607-d7debd219f8b,function_transfer_time,1773616356.519916,0.000113
experiment_name,1ea0908a-f630-40ac-a607-d7debd219f8b,function_transfer_time,1773616356.520471,0.000027
experiment_name,6e056164-5ab7-42ca-a270-b9a94d698480,function_transfer_time,1773616356.514945,0.000096
experiment_name,6e056164-5ab7-42ca-a270-b9a94d698480,function_transfer_time,1773616356.515687,0.00003
experiment_name,aad51f03-4026-4f7b-982d-3bf06935cbf9,function_transfer_time,1773616356.509847,0.000013
experiment_name,aad51f03-4026-4f7b-982d-3bf06935cbf9,function_transfer_time,1773616356.510002,0.000021
experiment_name,fc268d55-c326-40c0-a01d-1da3e1127f79,function_transfer_time,1773616356.518618,0.000023
experiment_name,fc268d55-c326-40c0-a01d-1da3e1127f79,function_transfer_time,1773616356.518959,0.000062
experiment_name,d547249b-1168-4386-b6e1-a4d225f3dd01,function_transfer_time,1773616356.514361,0.00007
experiment_name,e236faaf-21b0-466c-a27b-ff8148342483,function_transfer_time,1773616356.52022,0.000046
experiment_name,e236faaf-21b0-466c-a27b-ff8148342483,function_transfer_time,1773616356.520634,0.000065
experiment_name,9757d736-4115-41d3-ba00-8d805f29699c,function_transfer_time,1773616356.519565,0.000012
experiment_name,9757d736-4115-41d3-ba00-8d805f29699c,function_transfer_time,1773616356.519909,0.000104
experiment_name,2778611b-e24c-403e-a6ab-819532094314,function_transfer_time,1773616356.511957,0.00004
experiment_name,2778611b-e24c-403e-a6ab-819532094314,function_transfer_time,1773616356.512142,0.00002
experiment_name,43c1daff-7938-4ff5-8c3e-3a2327ef1797,function_transfer_time,1773616356.490167,0.000069
experiment_name,43c1daff-7938-4ff5-8c3e-3a2327ef1797,function_transfer_time,1773616356.494217,0.00005
experiment_name,43c1daff-7938-4ff5-8c3e-3a2327ef1797,function_transfer_time,1773616356.497111,0.000082
experiment_name,43c1daff-7938-4ff5-8c3e-3a2327ef1797,function_transfer_time,1773616356.500527,0.000181
experiment_name,43c1daff-7938-4ff5-8c3e-3a2327ef1797,function_transfer_time,1773616356.502285,0.000062
experiment_name,43c1daff-7938-4ff5-8c3e-3a2327ef1797,function_transfer_time,1773616356.502355,0.000116
experiment_name,43c1daff-7938-4ff5-8c3e-3a2327ef1797,function_transfer_time,1773616356.504532,0.000042
experiment_name,43c1daff-7938-4ff5-8c3e-3a2327ef1797,function_transfer_time,1773616356.505226,0.000034
experiment_name,43c1daff-7938-4ff5-8c3e-3a2327ef1797,function_transfer_time,1773616356.506719,0.000024
experiment_name,43c1daff-7938-4ff5-8c3e-3a2327ef1797,function_transfer_time,1773616356.50839,0.00002
experiment_name,43c1daff-7938-4ff5-8c3e-3a2327ef1797,function_transfer_time,1773616356.509166,0.000019
experiment_name,43c1daff-7938-4ff5-8c3e-3a2327ef1797,function_transfer_time,1773616356.509919,0.000032
experiment_name,43c1daff-7938-4ff5-8c3e-3a2327ef1797,function_transfer_time,1773616356.510517,0.000018
experiment_name,43c1daff-7938-4ff5-8c3e-3a2327ef1797,function_transfer_time,1773616356.51107,0.000038
experiment_name,43c1daff-7938-4ff5-8c3e-3a2327ef1797,function_transfer_time,1773616356.511382,0.000046
experiment_name,43c1daff-7938-4ff5-8c3e-3a2327ef1797,function_transfer_time,1773616356.511631,0.000042
experiment_name,43c1daff-7938-4ff5-8c3e-3a2327ef1797,function_transfer_time,1773616356.511823,0.000031
experiment_name,43c1daff-7938-4ff5-8c3e-3a2327ef1797,function_transfer_time,1773616356.512098,0.000022
experiment_name,43c1daff-7938-4ff5-8c3e-3a2327ef1797,function_transfer_time,1773616356.514964,0.000073
experiment_name,43c1daff-7938-4ff5-8c3e-3a2327ef1797,function_transfer_time,1773616356.515421,0.000148
experiment_name,43c1daff-7938-4ff5-8c3e-3a2327ef1797,function_transfer_time,1773616356.516086,0.000042
experiment_name,43c1daff-7938-4ff5-8c3e-3a2327ef1797,function_transfer_time,1773616356.516273,0.000022
experiment_name,43c1daff-7938-4ff5-8c3e-3a2327ef1797,function_transfer_time,1773616356.517637,0.000027
experiment_name,43c1daff-7938-4ff5-8c3e-3a2327ef1797,function_transfer_time,1773616356.518017,0.000032
experiment_name,43c1daff-7938-4ff5-8c3e-3a2327ef1797,function_transfer_time,1773616356.518095,0.000068
experiment_name,43c1daff-7938-4ff5-8c3e-3a2327ef1797,function_transfer_time,1773616356.5187,0.000055
experiment_name,43c1daff-7938-4ff5-8c3e-3a2327ef1797,function_transfer_time,1773616356.518829,0.000104
experiment_name,43c1daff-7938-4ff5-8c3e-3a2327ef1797,function_transfer_time,1773616356.518961,0.000262
experiment_name,43c1daff-7938-4ff5-8c3e-3a2327ef1797,function_transfer_time,1773616356.519708,0.000058
experiment_name,43c1daff-7938-4ff5-8c3e-3a2327ef1797,function_transfer_time,1773616356.520271,0.000097
experiment_name,43c1daff-7938-4ff5-8c3e-3a2327ef1797,function_transfer_time,1773616356.520489,0.000172
experiment_name,43c1daff-7938-4ff5-8c3e-3a2327ef1797,function_transfer_time,1773616356.520627,0.00003
experiment_name,43c1daff-7938-4ff5-8c3e-3a2327ef1797,function_transfer_time,1773616356.520753,0.000113
experiment_name,43c1daff-7938-4ff5-8c3e-3a2327ef1797,function_transfer_time,1773616356.520901,0.000132
experiment_name,0b1c8d7a-71dd-49e2-ae7f-a0d293465860,function_transfer_time,1773616356.495157,0.000041
experiment_name,0b1c8d7a-71dd-49e2-ae7f-a0d293465860,function_transfer_time,1773616356.515327,0.000121
experiment_name,6b2ac132-a1c0-47f0-a6fe-79f01e35db61,function_transfer_time,1773616356.506596,0.000023
experiment_name,6b2ac132-a1c0-47f0-a6fe-79f01e35db61,function_transfer_time,1773616356.506804,0.000079
experiment_name,2d12aa19-b8d4-455b-8c3e-6a1bdfef9025,function_transfer_time,1773616356.502253,0.000047
experiment_name,2d12aa19-b8d4-455b-8c3e-6a1bdfef9025,function_transfer_time,1773616356.502381,0.000029
experiment_name,20fe11f4-4c09-4f79-85a0-ae883a83a688,function_transfer_time,1773616356.515898,0.000051
experiment_name,20fe11f4-4c09-4f79-85a0-ae883a83a688,function_transfer_time,1773616356.516165,0.000017
experiment_name,27c4ce94-7e72-4b0a-8f93-81605d18ec3d,function_transfer_time,1773616356.519599,0.000044
experiment_name,27c4ce94-7e72-4b0a-8f93-81605d18ec3d,function_transfer_time,1773616356.519999,0.000037
experiment_name,6cd85b29-87bf-4125-9107-4ca0146f6a5c,function_transfer_time,1773616356.506326,0.00002
experiment_name,6cd85b29-87bf-4125-9107-4ca0146f6a5c,function_transfer_time,1773616356.515591,0.000057
experiment_name,143178aa-fb66-4659-9773-57f13963ffbe,function_transfer_time,1773616356.51747,0.000065
experiment_name,af4aa09f-2094-49c3-9889-bd776e268307,function_transfer_time,1773616356.511208,0.000053
experiment_name,af4aa09f-2094-49c3-9889-bd776e268307,function_transfer_time,1773616356.511494,0.000046
experiment_name,c2072005-c4dc-4d44-990f-3a8b4c43e4f5,function_transfer_time,1773616356.513718,0.041621
experiment_name,c2072005-c4dc-4d44-990f-3a8b4c43e4f5,function_transfer_time,1773616356.513858,0.039628
experiment_name,c2072005-c4dc-4d44-990f-3a8b4c43e4f5,function_transfer_time,1773616356.514038,0.038308
experiment_name,c2072005-c4dc-4d44-990f-3a8b4c43e4f5,function_transfer_time,1773616356.514354,0.02591
experiment_name,c2072005-c4dc-4d44-990f-3a8b4c43e4f5,function_transfer_time,1773616356.514668,0.020564
experiment_name,c2072005-c4dc-4d44-990f-3a8b4c43e4f5,function_transfer_time,1773616356.514856,0.019616
experiment_name,c2072005-c4dc-4d44-990f-3a8b4c43e4f5,function_transfer_time,1773616356.515314,0.008925
experiment_name,c2072005-c4dc-4d44-990f-3a8b4c43e4f5,function_transfer_time,1773616356.515813,0.000095
experiment_name,c2072005-c4dc-4d44-990f-3a8b4c43e4f5,function_transfer_time,1773616356.517303,0.000024
experiment_name,c2072005-c4dc-4d44-990f-3a8b4c43e4f5,function_transfer_time,1773616356.519609,0.000032
experiment_name,8982cc5b-a531-4741-8d37-47d62f323909,function_transfer_time,1773616356.505139,0.000011
experiment_name,8982cc5b-a531-4741-8d37-47d62f323909,function_transfer_time,1773616356.505299,0.00003
experiment_name,cb86e657-d592-446a-90c8-d8c32adfb26c,function_transfer_time,1773616356.511569,0.000081
experiment_name,cb86e657-d592-446a-90c8-d8c32adfb26c,function_transfer_time,1773616356.511948,0.00003
experiment_name,02118727-e985-469f-8eca-506fabb01e2f,function_instantiate_time,1773616360.80924,4.218492042
experiment_name,c208053d-0fa5-41a1-bf42-e4a4ec7ca64c,function_instantiate_time,1773616360.761337,4.160481083
experiment_name,2f309e00-a5cc-43c1-b09e-29c0de1ebff2,function_instantiate_time,1773616360.780546,4.187211709
experiment_name,e5be030a-19de-494c-8f99-9694201eceb2,function_instantiate_time,1773616360.801558,4.209648
experiment_name,b89d87b5-8cd2-4393-a2ce-2db2b8ee866e,function_instantiate_time,1773616360.792,4.198939125
experiment_name,8d9ef8e5-3a3d-4e21-97c9-68620f8ced79,function_instantiate_time,1773616360.79661,4.203784292
experiment_name,9a84930d-0062-4dbc-b57c-bff8a0321af8,function_instantiate_time,1773616360.786688,4.193346834
experiment_name,65b2754a-3d0c-4840-bdea-478a661520bd,function_instantiate_time,1773616360.803905,4.212640042
experiment_name,156d0b1c-aada-4918-aaed-4cb801d0dcd2,function_instantiate_time,1773616360.784964,4.191453708
experiment_name,b90fb17b-c103-44b7-b99e-28ea8b50e625,function_instantiate_time,1773616360.785518,4.191688042
experiment_name,5dc422e1-817e-48f2-968a-b5cb8e5d0e07,function_instantiate_time,1773616360.803881,4.211818667
experiment_name,7c336441-d132-4c4a-a10f-37eb2c679aaf,function_instantiate_time,1773616360.796486,4.203923167
experiment_name,9789b3bc-ede3-4852-9ae6-99dc881f74de,function_instantiate_time,1773616360.800766,4.208370333
experiment_name,3f1dfb18-903e-4ba9-b9ec-a6d959f79928,function_instantiate_time,1773616360.768664,4.174863583
experiment_name,991ae153-23d9-49e3-b2ab-7d3e2ab06d1c,function_instantiate_time,1773616360.800531,4.208130416
experiment_name,5204e3f8-26f7-45f0-b146-353c18652f1a,function_instantiate_time,1773616360.809866,4.21921575
experiment_name,75f32b35-19ab-4899-81b7-b81647d388f6,function_instantiate_time,1773616360.798408,4.20585975
experiment_name,2e6172cc-212b-4a74-9b15-7f5401848f26,function_instantiate_time,1773616360.80743,4.215859458
experiment_name,28b06a15-8e48-491c-bdd5-2d4dec371fe5,function_instantiate_time,1773616360.803655,4.211997541
experiment_name,50105f1f-4912-46fb-bf46-a713c3317cd4,function_instantiate_time,1773616360.79883,4.20601625
experiment_name,f40b5f94-4291-46b2-835d-862ec6f965bd,function_instantiate_time,1773616360.773748,4.179784459
experiment_name,a020fc59-a4bb-480b-b2f4-9c415d2194d1,function_instantiate_time,1773616360.761205,4.160372333
experiment_name,065f495c-c2f3-458f-92da-e85a067f31cf,function_instantiate_time,1773616360.792494,4.199575125
experiment_name,17003d1e-4162-4273-b577-e7a413e4be42,function_instantiate_time,1773616360.808281,4.217356709
experiment_name,95a36368-922c-46cf-aa5c-680f89f1c71d,function_instantiate_time,1773616360.797092,4.204518375
experiment_name,0baabd7f-b910-4592-b5c5-d8c3f0a255cd,function_instantiate_time,1773616360.779519,4.185769959
experiment_name,9daaaacd-b6d9-4a1f-87dd-dd904471d409,function_instantiate_time,1773616360.80607,4.226729209
experiment_name,7e1a9157-8489-461c-9bf7-798f3b7e356c,function_instantiate_time,1773616360.805566,4.21373275
experiment_name,1d75dc2b-9177-4616-99f3-ee9e7bf4651c,function_instantiate_time,1773616360.809176,4.218376959
experiment_name,fbc9f051-290d-420d-b55d-790a3b9b6be2,function_instantiate_time,1773616360.797581,4.20520175
experiment_name,7bf31f25-1ac8-46e1-91d4-af9cbfcee82c,function_instantiate_time,1773616360.802123,4.209860333
experiment_name,1b6babf3-bc4a-43c0-8019-989390140d3d,function_instantiate_time,1773616360.804464,4.212453125
experiment_name,830174d4-2ae6-4a1e-8897-36a206e0747f,function_instantiate_time,1773616360.800215,4.208752916
experiment_name,94ce32b4-c4ec-4313-b113-573bfd591961,function_instantiate_time,1773616360.803536,4.212342041
experiment_name,e833adfa-a754-4fb2-99da-b9234d5e223e,function_instantiate_time,1773616360.805911,4.214079791
experiment_name,17545c8f-6910-4173-a837-80a8ab234afe,function_instantiate_time,1773616360.767094,4.172969875
experiment_name,07466f43-f475-4527-b032-d6fb8a61a79d,function_instantiate_time,1773616360.807134,4.216827375
experiment_name,eb187f0a-f151-48ff-bed3-28d63b4e297c,function_instantiate_time,1773616360.762382,4.168708459
experiment_name,7e045582-82f7-4fb3-8d04-ab6e06a16b55,function_instantiate_time,1773616360.797954,4.204839208
experiment_name,a78b9f92-4647-4603-9b44-4693ef408c8b,function_instantiate_time,1773616360.76352,4.169419334
experiment_name,a01041c2-e496-421c-b42c-b46a27d2170b,function_instantiate_time,1773616360.778592,4.185034208
experiment_name,712a6868-829f-46ff-a2aa-08c82a681dff,function_instantiate_time,1773616360.801555,4.209270291
experiment_name,814287ba-ab44-4f8e-9548-7d955a3bcc86,function_instantiate_time,1773616360.771942,4.17809525
experiment_name,6cdfb920-816b-41b9-a701-5c28a1258bda,function_instantiate_time,1773616360.802914,4.210944167
experiment_name,404c0bcc-243d-482c-8521-482afbe28664,function_instantiate_time,1773616360.783361,4.189702333
experiment_name,b2b9fe8e-d2f2-4d55-92ef-1f3c1fb746c9,function_instantiate_time,1773616360.802498,4.212247
experiment_name,e4635f70-d8d5-4dde-81f9-de217ca87e72,function_instantiate_time,1773616360.790423,4.197114417
experiment_name,20fd355a-90f0-4335-94bb-0895b8618709,function_instantiate_time,1773616360.800112,4.208002292
experiment_name,7b621c84-de8b-4e5b-b323-960d39725074,function_instantiate_time,1773616360.765659,4.1714855
experiment_name,19d5950b-1b85-4665-b23c-a30e4bb6287d,function_instantiate_time,1773616360.767074,4.16604125
experiment_name,337b9e6a-7075-4912-b038-881fe0906f4b,function_instantiate_time,1773616360.806839,4.215578417
experiment_name,c906850d-e97e-4633-93d6-5da9992d8720,function_instantiate_time,1773616360.791635,4.198912166
experiment_name,922dcdfb-ff93-49bd-82bd-63ce8d4a4c16,function_instantiate_time,1773616360.806714,4.214998375
experiment_name,814287ba-ab44-4f8e-9548-7d955a3bcc86,function_init_time,1773616360.77206,0.000105666
experiment_name,9daaaacd-b6d9-4a1f-87dd-dd904471d409,function_init_time,1773616360.806135,0.000056792
experiment_name,9a84930d-0062-4dbc-b57c-bff8a0321af8,function_init_time,1773616360.786721,0.000042167
experiment_name,a020fc59-a4bb-480b-b2f4-9c415d2194d1,function_init_time,1773616360.761288,0.000092333
experiment_name,5dc422e1-817e-48f2-968a-b5cb8e5d0e07,function_init_time,1773616360.803946,0.000040875
experiment_name,50105f1f-4912-46fb-bf46-a713c3317cd4,function_init_time,1773616360.798864,0.000035708
experiment_name,6cdfb920-816b-41b9-a701-5c28a1258bda,function_init_time,1773616360.802946,0.000032875
experiment_name,7c336441-d132-4c4a-a10f-37eb2c679aaf,function_init_time,1773616360.796528,0.000040459
experiment_name,404c0bcc-243d-482c-8521-482afbe28664,function_init_time,1773616360.783374,0.00004125
experiment_name,2e6172cc-212b-4a74-9b15-7f5401848f26,function_init_time,1773616360.807716,0.000276667
experiment_name,07466f43-f475-4527-b032-d6fb8a61a79d,function_init_time,1773616360.807245,0.000100292
experiment_name,95a36368-922c-46cf-aa5c-680f89f1c71d,function_init_time,1773616360.797123,0.000037083
experiment_name,b89d87b5-8cd2-4393-a2ce-2db2b8ee866e,function_init_time,1773616360.792111,0.000104625
experiment_name,3f1dfb18-903e-4ba9-b9ec-a6d959f79928,function_init_time,1773616360.768744,0.000085709
experiment_name,991ae153-23d9-49e3-b2ab-7d3e2ab06d1c,function_init_time,1773616360.800562,0.000033834
experiment_name,28b06a15-8e48-491c-bdd5-2d4dec371fe5,function_init_time,1773616360.80371,0.000054417
experiment_name,7b621c84-de8b-4e5b-b323-960d39725074,function_init_time,1773616360.765739,0.000083084
experiment_name,a78b9f92-4647-4603-9b44-4693ef408c8b,function_init_time,1773616360.76353,0.00006475
experiment_name,b90fb17b-c103-44b7-b99e-28ea8b50e625,function_init_time,1773616360.785547,0.0001145
experiment_name,c208053d-0fa5-41a1-bf42-e4a4ec7ca64c,function_init_time,1773616360.761388,0.00009925
experiment_name,e4635f70-d8d5-4dde-81f9-de217ca87e72,function_init_time,1773616360.790621,0.000260625
experiment_name,c906850d-e97e-4633-93d6-5da9992d8720,function_init_time,1773616360.791703,0.000058708
experiment_name,712a6868-829f-46ff-a2aa-08c82a681dff,function_init_time,1773616360.80161,0.000041
experiment_name,f40b5f94-4291-46b2-835d-862ec6f965bd,function_init_time,1773616360.773807,0.000100209
experiment_name,17545c8f-6910-4173-a837-80a8ab234afe,function_init_time,1773616360.767096,0.000045958
experiment_name,02118727-e985-469f-8eca-506fabb01e2f,function_init_time,1773616360.809296,0.00004475
experiment_name,7e045582-82f7-4fb3-8d04-ab6e06a16b55,function_init_time,1773616360.797991,0.000038
experiment_name,922dcdfb-ff93-49bd-82bd-63ce8d4a4c16,function_init_time,1773616360.806752,0.00004375
experiment_name,a01041c2-e496-421c-b42c-b46a27d2170b,function_init_time,1773616360.778675,0.000105708
experiment_name,8d9ef8e5-3a3d-4e21-97c9-68620f8ced79,function_init_time,1773616360.796704,0.000047292
experiment_name,20fd355a-90f0-4335-94bb-0895b8618709,function_init_time,1773616360.800152,0.000039042
experiment_name,65b2754a-3d0c-4840-bdea-478a661520bd,function_init_time,1773616360.803971,0.000052875
experiment_name,1d75dc2b-9177-4616-99f3-ee9e7bf4651c,function_init_time,1773616360.809225,0.000045916
experiment_name,1b6babf3-bc4a-43c0-8019-989390140d3d,function_init_time,1773616360.804525,0.000059583
experiment_name,17003d1e-4162-4273-b577-e7a413e4be42,function_init_time,1773616360.808425,0.00014825
experiment_name,75f32b35-19ab-4899-81b7-b81647d388f6,function_init_time,1773616360.798444,0.000035334
experiment_name,94ce32b4-c4ec-4313-b113-573bfd591961,function_init_time,1773616360.803572,0.000028625
experiment_name,9789b3bc-ede3-4852-9ae6-99dc881f74de,function_init_time,1773616360.800815,0.000051667
experiment_name,7bf31f25-1ac8-46e1-91d4-af9cbfcee82c,function_init_time,1773616360.802156,0.000034791
experiment_name,e833adfa-a754-4fb2-99da-b9234d5e223e,function_init_time,1773616360.805978,0.000061167
experiment_name,337b9e6a-7075-4912-b038-881fe0906f4b,function_init_time,1773616360.80696,0.000133208
experiment_name,2f309e00-a5cc-43c1-b09e-29c0de1ebff2,function_init_time,1773616360.780604,0.000052958
experiment_name,5204e3f8-26f7-45f0-b146-353c18652f1a,function_init_time,1773616360.809878,0.000035041
experiment_name,fbc9f051-290d-420d-b55d-790a3b9b6be2,function_init_time,1773616360.79763,0.000046375
experiment_name,eb187f0a-f151-48ff-bed3-28d63b4e297c,function_init_time,1773616360.762463,0.000080708
experiment_name,830174d4-2ae6-4a1e-8897-36a206e0747f,function_init_time,1773616360.800269,0.000041375
experiment_name,0baabd7f-b910-4592-b5c5-d8c3f0a255cd,function_init_time,1773616360.779601,0.0000915
experiment_name,156d0b1c-aada-4918-aaed-4cb801d0dcd2,function_init_time,1773616360.78544,0.0000645
experiment_name,b2b9fe8e-d2f2-4d55-92ef-1f3c1fb746c9,function_init_time,1773616360.802523,0.000021666
experiment_name,19d5950b-1b85-4665-b23c-a30e4bb6287d,function_init_time,1773616360.767078,0.000084959
experiment_name,065f495c-c2f3-458f-92da-e85a067f31cf,function_init_time,1773616360.792534,0.000042833
experiment_name,7e1a9157-8489-461c-9bf7-798f3b7e356c,function_init_time,1773616360.805603,0.000055833
experiment_name,e5be030a-19de-494c-8f99-9694201eceb2,function_init_time,1773616360.80162,0.00004275
experiment_name,1d75dc2b-9177-4616-99f3-ee9e7bf4651c,function_execution_time,1773616360.809325,0.000078834
experiment_name,1d75dc2b-9177-4616-99f3-ee9e7bf4651c,function_execution_time,1773616360.809526,0.000114792
experiment_name,e5be030a-19de-494c-8f99-9694201eceb2,function_execution_time,1773616360.801757,0.000088083
experiment_name,e5be030a-19de-494c-8f99-9694201eceb2,function_execution_time,1773616360.801873,0.000063875
experiment_name,2f309e00-a5cc-43c1-b09e-29c0de1ebff2,function_execution_time,1773616360.780882,0.000205333
experiment_name,2f309e00-a5cc-43c1-b09e-29c0de1ebff2,function_execution_time,1773616360.805185,0.000083333
experiment_name,eb187f0a-f151-48ff-bed3-28d63b4e297c,function_execution_time,1773616360.762648,0.000155167
experiment_name,eb187f0a-f151-48ff-bed3-28d63b4e297c,function_execution_time,1773616360.804597,0.000134958
experiment_name,7e045582-82f7-4fb3-8d04-ab6e06a16b55,function_execution_time,1773616360.798072,0.000069375
experiment_name,7e045582-82f7-4fb3-8d04-ab6e06a16b55,function_execution_time,1773616360.806489,0.000094958
experiment_name,712a6868-829f-46ff-a2aa-08c82a681dff,function_execution_time,1773616360.801762,0.000091875
experiment_name,712a6868-829f-46ff-a2aa-08c82a681dff,function_execution_time,1773616360.807059,0.000167042
experiment_name,94ce32b4-c4ec-4313-b113-573bfd591961,function_execution_time,1773616360.803704,0.000104917
experiment_name,a020fc59-a4bb-480b-b2f4-9c415d2194d1,function_execution_time,1773616360.761423,0.000106542
experiment_name,a020fc59-a4bb-480b-b2f4-9c415d2194d1,function_execution_time,1773616360.804497,0.000397542
experiment_name,28b06a15-8e48-491c-bdd5-2d4dec371fe5,function_execution_time,1773616360.803884,0.000158791
experiment_name,28b06a15-8e48-491c-bdd5-2d4dec371fe5,function_execution_time,1773616360.8077,0.000391
experiment_name,c906850d-e97e-4633-93d6-5da9992d8720,function_execution_time,1773616360.791906,0.000148584
experiment_name,c906850d-e97e-4633-93d6-5da9992d8720,function_execution_time,1773616360.805993,0.000158583
experiment_name,404c0bcc-243d-482c-8521-482afbe28664,function_execution_time,1773616360.783596,0.000101584
experiment_name,404c0bcc-243d-482c-8521-482afbe28664,function_execution_time,1773616360.805259,0.000079709
experiment_name,65b2754a-3d0c-4840-bdea-478a661520bd,function_execution_time,1773616360.804123,0.000099417
experiment_name,65b2754a-3d0c-4840-bdea-478a661520bd,function_execution_time,1773616360.804299,0.00022175
experiment_name,65b2754a-3d0c-4840-bdea-478a661520bd,function_execution_time,1773616360.804461,0.000156833
experiment_name,65b2754a-3d0c-4840-bdea-478a661520bd,function_execution_time,1773616360.80462,0.000160458
experiment_name,65b2754a-3d0c-4840-bdea-478a661520bd,function_execution_time,1773616360.804796,0.000150917
experiment_name,65b2754a-3d0c-4840-bdea-478a661520bd,function_execution_time,1773616360.804975,0.000184833
experiment_name,65b2754a-3d0c-4840-bdea-478a661520bd,function_execution_time,1773616360.805135,0.000114833
experiment_name,65b2754a-3d0c-4840-bdea-478a661520bd,function_execution_time,1773616360.805211,0.000091125
experiment_name,65b2754a-3d0c-4840-bdea-478a661520bd,function_execution_time,1773616360.805291,0.000091
experiment_name,65b2754a-3d0c-4840-bdea-478a661520bd,function_execution_time,1773616360.805378,0.000086167
experiment_name,65b2754a-3d0c-4840-bdea-478a661520bd,function_execution_time,1773616360.805597,0.000176125
experiment_name,65b2754a-3d0c-4840-bdea-478a661520bd,function_execution_time,1773616360.805707,0.000123708
experiment_name,65b2754a-3d0c-4840-bdea-478a661520bd,function_execution_time,1773616360.805866,0.00014775
experiment_name,65b2754a-3d0c-4840-bdea-478a661520bd,function_execution_time,1773616360.806181,0.000292791
experiment_name,65b2754a-3d0c-4840-bdea-478a661520bd,function_execution_time,1773616360.806286,0.000121625
experiment_name,65b2754a-3d0c-4840-bdea-478a661520bd,function_execution_time,1773616360.806387,0.000095292
experiment_name,65b2754a-3d0c-4840-bdea-478a661520bd,function_execution_time,1773616360.806494,0.000100292
experiment_name,65b2754a-3d0c-4840-bdea-478a661520bd,function_execution_time,1773616360.806621,0.000117458
experiment_name,65b2754a-3d0c-4840-bdea-478a661520bd,function_execution_time,1773616360.806763,0.000126667
experiment_name,65b2754a-3d0c-4840-bdea-478a661520bd,function_execution_time,1773616360.806975,0.000209458
experiment_name,65b2754a-3d0c-4840-bdea-478a661520bd,function_execution_time,1773616360.807167,0.000165209
experiment_name,65b2754a-3d0c-4840-bdea-478a661520bd,function_execution_time,1773616360.807312,0.000127708
experiment_name,65b2754a-3d0c-4840-bdea-478a661520bd,function_execution_time,1773616360.807513,0.000188
experiment_name,65b2754a-3d0c-4840-bdea-478a661520bd,function_execution_time,1773616360.807955,0.000433458
experiment_name,65b2754a-3d0c-4840-bdea-478a661520bd,function_execution_time,1773616360.808145,0.000185167
experiment_name,65b2754a-3d0c-4840-bdea-478a661520bd,function_execution_time,1773616360.808366,0.000220709
experiment_name,65b2754a-3d0c-4840-bdea-478a661520bd,function_execution_time,1773616360.808656,0.000275166
experiment_name,65b2754a-3d0c-4840-bdea-478a661520bd,function_execution_time,1773616360.808955,0.000258209
experiment_name,c208053d-0fa5-41a1-bf42-e4a4ec7ca64c,function_execution_time,1773616360.761585,0.000165166
experiment_name,c208053d-0fa5-41a1-bf42-e4a4ec7ca64c,function_execution_time,1773616360.804377,0.000193958
experiment_name,f40b5f94-4291-46b2-835d-862ec6f965bd,function_execution_time,1773616360.774016,0.0001545
experiment_name,f40b5f94-4291-46b2-835d-862ec6f965bd,function_execution_time,1773616360.80797,0.000225917
experiment_name,337b9e6a-7075-4912-b038-881fe0906f4b,function_execution_time,1773616360.807111,0.000144375
experiment_name,337b9e6a-7075-4912-b038-881fe0906f4b,function_execution_time,1773616360.808474,0.0001645
experiment_name,7bf31f25-1ac8-46e1-91d4-af9cbfcee82c,function_execution_time,1773616360.802231,0.000063125
experiment_name,7bf31f25-1ac8-46e1-91d4-af9cbfcee82c,function_execution_time,1773616360.80906,0.000095917
experiment_name,75f32b35-19ab-4899-81b7-b81647d388f6,function_execution_time,1773616360.798534,0.00007275
experiment_name,75f32b35-19ab-4899-81b7-b81647d388f6,function_execution_time,1773616360.806655,0.000125208
experiment_name,02118727-e985-469f-8eca-506fabb01e2f,function_execution_time,1773616360.809555,0.000208375
experiment_name,02118727-e985-469f-8eca-506fabb01e2f,function_execution_time,1773616360.809691,0.000054041
experiment_name,830174d4-2ae6-4a1e-8897-36a206e0747f,function_execution_time,1773616360.803805,0.000106792
experiment_name,9a84930d-0062-4dbc-b57c-bff8a0321af8,function_execution_time,1773616360.787011,0.000227875
experiment_name,9a84930d-0062-4dbc-b57c-bff8a0321af8,function_execution_time,1773616360.805704,0.000113791
experiment_name,065f495c-c2f3-458f-92da-e85a067f31cf,function_execution_time,1773616360.792683,0.000085625
experiment_name,065f495c-c2f3-458f-92da-e85a067f31cf,function_execution_time,1773616360.806348,0.000078583
experiment_name,922dcdfb-ff93-49bd-82bd-63ce8d4a4c16,function_execution_time,1773616360.80695,0.000162917
experiment_name,922dcdfb-ff93-49bd-82bd-63ce8d4a4c16,function_execution_time,1773616360.808421,0.000329458
experiment_name,7c336441-d132-4c4a-a10f-37eb2c679aaf,function_execution_time,1773616360.796723,0.0001495
experiment_name,7c336441-d132-4c4a-a10f-37eb2c679aaf,function_execution_time,1773616360.797391,0.000075791
experiment_name,7c336441-d132-4c4a-a10f-37eb2c679aaf,function_execution_time,1773616360.79905,0.000091792
experiment_name,7c336441-d132-4c4a-a10f-37eb2c679aaf,function_execution_time,1773616360.800973,0.000076
experiment_name,7c336441-d132-4c4a-a10f-37eb2c679aaf,function_execution_time,1773616360.801814,0.000076667
experiment_name,7c336441-d132-4c4a-a10f-37eb2c679aaf,function_execution_time,1773616360.804162,0.000112542
experiment_name,7c336441-d132-4c4a-a10f-37eb2c679aaf,function_execution_time,1773616360.804912,0.000263416
experiment_name,7c336441-d132-4c4a-a10f-37eb2c679aaf,function_execution_time,1773616360.809631,0.000066583
experiment_name,5dc422e1-817e-48f2-968a-b5cb8e5d0e07,function_execution_time,1773616360.804086,0.000093625
experiment_name,5dc422e1-817e-48f2-968a-b5cb8e5d0e07,function_execution_time,1773616360.804287,0.000167083
experiment_name,b90fb17b-c103-44b7-b99e-28ea8b50e625,function_execution_time,1773616360.785681,0.00018925
experiment_name,b90fb17b-c103-44b7-b99e-28ea8b50e625,function_execution_time,1773616360.805574,0.0001775
experiment_name,2e6172cc-212b-4a74-9b15-7f5401848f26,function_execution_time,1773616360.807897,0.000157708
experiment_name,2e6172cc-212b-4a74-9b15-7f5401848f26,function_execution_time,1773616360.808845,0.00032675
experiment_name,7b621c84-de8b-4e5b-b323-960d39725074,function_execution_time,1773616360.765983,0.000176333
experiment_name,7b621c84-de8b-4e5b-b323-960d39725074,function_execution_time,1773616360.804788,0.000155459
experiment_name,95a36368-922c-46cf-aa5c-680f89f1c71d,function_execution_time,1773616360.79725,0.000068292
experiment_name,95a36368-922c-46cf-aa5c-680f89f1c71d,function_execution_time,1773616360.797396,0.000057666
experiment_name,20fd355a-90f0-4335-94bb-0895b8618709,function_execution_time,1773616360.800285,0.000095584
experiment_name,20fd355a-90f0-4335-94bb-0895b8618709,function_execution_time,1773616360.806658,0.000113041
experiment_name,19d5950b-1b85-4665-b23c-a30e4bb6287d,function_execution_time,1773616360.76746,0.000220375
experiment_name,19d5950b-1b85-4665-b23c-a30e4bb6287d,function_execution_time,1773616360.807712,0.000302
experiment_name,3f1dfb18-903e-4ba9-b9ec-a6d959f79928,function_execution_time,1773616360.768925,0.000159667
experiment_name,991ae153-23d9-49e3-b2ab-7d3e2ab06d1c,function_execution_time,1773616360.800645,0.000071584
experiment_name,991ae153-23d9-49e3-b2ab-7d3e2ab06d1c,function_execution_time,1773616360.806887,0.000137708
experiment_name,a01041c2-e496-421c-b42c-b46a27d2170b,function_execution_time,1773616360.778886,0.000161542
experiment_name,a01041c2-e496-421c-b42c-b46a27d2170b,function_execution_time,1773616360.808196,0.000167625
experiment_name,fbc9f051-290d-420d-b55d-790a3b9b6be2,function_execution_time,1773616360.797712,0.000068
experiment_name,fbc9f051-290d-420d-b55d-790a3b9b6be2,function_execution_time,1773616360.808986,0.000168625
experiment_name,0baabd7f-b910-4592-b5c5-d8c3f0a255cd,function_execution_time,1773616360.779806,0.000175208
experiment_name,0baabd7f-b910-4592-b5c5-d8c3f0a255cd,function_execution_time,1773616360.796752,0.000110667
experiment_name,7e1a9157-8489-461c-9bf7-798f3b7e356c,function_execution_time,1773616360.805814,0.000182084
experiment_name,7e1a9157-8489-461c-9bf7-798f3b7e356c,function_execution_time,1773616360.808093,0.000604916
experiment_name,8d9ef8e5-3a3d-4e21-97c9-68620f8ced79,function_execution_time,1773616360.796769,0.000104459
experiment_name,8d9ef8e5-3a3d-4e21-97c9-68620f8ced79,function_execution_time,1773616360.808784,0.000309833
experiment_name,9789b3bc-ede3-4852-9ae6-99dc881f74de,function_execution_time,1773616360.800891,0.000063334
experiment_name,9789b3bc-ede3-4852-9ae6-99dc881f74de,function_execution_time,1773616360.801027,0.000054166
experiment_name,17003d1e-4162-4273-b577-e7a413e4be42,function_execution_time,1773616360.8087,0.000249208
experiment_name,17003d1e-4162-4273-b577-e7a413e4be42,function_execution_time,1773616360.80904,0.00018825
experiment_name,17545c8f-6910-4173-a837-80a8ab234afe,function_execution_time,1773616360.767365,0.0001385
experiment_name,17545c8f-6910-4173-a837-80a8ab234afe,function_execution_time,1773616360.805044,0.000287958
experiment_name,9daaaacd-b6d9-4a1f-87dd-dd904471d409,function_execution_time,1773616360.806265,0.000114458
experiment_name,6cdfb920-816b-41b9-a701-5c28a1258bda,function_execution_time,1773616360.803015,0.000060667
experiment_name,6cdfb920-816b-41b9-a701-5c28a1258bda,function_execution_time,1773616360.807242,0.000104041
experiment_name,814287ba-ab44-4f8e-9548-7d955a3bcc86,function_execution_time,1773616360.772247,0.000132542
experiment_name,814287ba-ab44-4f8e-9548-7d955a3bcc86,function_execution_time,1773616360.805084,0.000159541
experiment_name,1b6babf3-bc4a-43c0-8019-989390140d3d,function_execution_time,1773616360.804649,0.000106959
experiment_name,1b6babf3-bc4a-43c0-8019-989390140d3d,function_execution_time,1773616360.805049,0.000223375
experiment_name,50105f1f-4912-46fb-bf46-a713c3317cd4,function_execution_time,1773616360.798941,0.000064708
experiment_name,50105f1f-4912-46fb-bf46-a713c3317cd4,function_execution_time,1773616360.79909,0.000067542
experiment_name,b89d87b5-8cd2-4393-a2ce-2db2b8ee866e,function_execution_time,1773616360.79233,0.000194333
experiment_name,b89d87b5-8cd2-4393-a2ce-2db2b8ee866e,function_execution_time,1773616360.806294,0.000156208
experiment_name,156d0b1c-aada-4918-aaed-4cb801d0dcd2,function_execution_time,1773616360.785533,0.000077667
experiment_name,156d0b1c-aada-4918-aaed-4cb801d0dcd2,function_execution_time,1773616360.805535,0.000189333
experiment_name,b2b9fe8e-d2f2-4d55-92ef-1f3c1fb746c9,function_execution_time,1773616360.802578,0.000044625
experiment_name,a78b9f92-4647-4603-9b44-4693ef408c8b,function_execution_time,1773616360.763774,0.000079292
experiment_name,e4635f70-d8d5-4dde-81f9-de217ca87e72,function_execution_time,1773616360.790885,0.000214875
experiment_name,e4635f70-d8d5-4dde-81f9-de217ca87e72,function_execution_time,1773616360.80585,0.000158042
experiment_name,e833adfa-a754-4fb2-99da-b9234d5e223e,function_execution_time,1773616360.806065,0.000072792
experiment_name,e833adfa-a754-4fb2-99da-b9234d5e223e,function_execution_time,1773616360.808036,0.00023075
experiment_name,07466f43-f475-4527-b032-d6fb8a61a79d,function_execution_time,1773616360.807452,0.000183625
experiment_name,07466f43-f475-4527-b032-d6fb8a61a79d,function_execution_time,1773616360.807765,0.000316833
experiment_name,07466f43-f475-4527-b032-d6fb8a61a79d,function_execution_time,1773616360.8082,0.000439125
experiment_name,07466f43-f475-4527-b032-d6fb8a61a79d,function_execution_time,1773616360.808636,0.000325042
experiment_name,07466f43-f475-4527-b032-d6fb8a61a79d,function_execution_time,1773616360.808861,0.000290708
experiment_name,07466f43-f475-4527-b032-d6fb8a61a79d,function_execution_time,1773616360.809037,0.000175458
experiment_name,07466f43-f475-4527-b032-d6fb8a61a79d,function_execution_time,1773616360.809463,0.00013425
experiment_name,b2b9fe8e-d2f2-4d55-92ef-1f3c1fb746c9,function_transfer_time,1773616360.802533,0.038811
experiment_name,02118727-e985-469f-8eca-506fabb01e2f,function_transfer_time,1773616360.809333,0.000052
experiment_name,02118727-e985-469f-8eca-506fabb01e2f,function_transfer_time,1773616360.809641,0.000029
experiment_name,1d75dc2b-9177-4616-99f3-ee9e7bf4651c,function_transfer_time,1773616360.809235,0.000031
experiment_name,1d75dc2b-9177-4616-99f3-ee9e7bf4651c,function_transfer_time,1773616360.8094,0.00002
experiment_name,a78b9f92-4647-4603-9b44-4693ef408c8b,function_transfer_time,1773616360.763767,0.000196
experiment_name,a01041c2-e496-421c-b42c-b46a27d2170b,function_transfer_time,1773616360.778718,0.00006
experiment_name,a01041c2-e496-421c-b42c-b46a27d2170b,function_transfer_time,1773616360.808026,0.000083
experiment_name,75f32b35-19ab-4899-81b7-b81647d388f6,function_transfer_time,1773616360.798453,0.00002
experiment_name,75f32b35-19ab-4899-81b7-b81647d388f6,function_transfer_time,1773616360.806526,0.00007
experiment_name,712a6868-829f-46ff-a2aa-08c82a681dff,function_transfer_time,1773616360.801646,0.000066
experiment_name,712a6868-829f-46ff-a2aa-08c82a681dff,function_transfer_time,1773616360.806879,0.00004
experiment_name,404c0bcc-243d-482c-8521-482afbe28664,function_transfer_time,1773616360.783537,0.000128
experiment_name,404c0bcc-243d-482c-8521-482afbe28664,function_transfer_time,1773616360.805203,0.000027
experiment_name,17003d1e-4162-4273-b577-e7a413e4be42,function_transfer_time,1773616360.808458,0.000035
experiment_name,17003d1e-4162-4273-b577-e7a413e4be42,function_transfer_time,1773616360.808854,0.000021
experiment_name,65b2754a-3d0c-4840-bdea-478a661520bd,function_transfer_time,1773616360.803979,0.042587
experiment_name,65b2754a-3d0c-4840-bdea-478a661520bd,function_transfer_time,1773616360.804142,0.04257
experiment_name,65b2754a-3d0c-4840-bdea-478a661520bd,function_transfer_time,1773616360.804307,0.041731
experiment_name,65b2754a-3d0c-4840-bdea-478a661520bd,function_transfer_time,1773616360.804466,0.038551
experiment_name,65b2754a-3d0c-4840-bdea-478a661520bd,function_transfer_time,1773616360.804635,0.037325
experiment_name,65b2754a-3d0c-4840-bdea-478a661520bd,function_transfer_time,1773616360.804824,0.032565
experiment_name,65b2754a-3d0c-4840-bdea-478a661520bd,function_transfer_time,1773616360.804978,0.024201
experiment_name,65b2754a-3d0c-4840-bdea-478a661520bd,function_transfer_time,1773616360.80515,0.021529
experiment_name,65b2754a-3d0c-4840-bdea-478a661520bd,function_transfer_time,1773616360.805214,0.020119
experiment_name,65b2754a-3d0c-4840-bdea-478a661520bd,function_transfer_time,1773616360.805294,0.019684
experiment_name,65b2754a-3d0c-4840-bdea-478a661520bd,function_transfer_time,1773616360.805387,0.018449
experiment_name,65b2754a-3d0c-4840-bdea-478a661520bd,function_transfer_time,1773616360.8056,0.014772
experiment_name,65b2754a-3d0c-4840-bdea-478a661520bd,function_transfer_time,1773616360.805715,0.013893
experiment_name,65b2754a-3d0c-4840-bdea-478a661520bd,function_transfer_time,1773616360.805874,0.01357
experiment_name,65b2754a-3d0c-4840-bdea-478a661520bd,function_transfer_time,1773616360.80619,0.013528
experiment_name,65b2754a-3d0c-4840-bdea-478a661520bd,function_transfer_time,1773616360.806292,0.00823
experiment_name,65b2754a-3d0c-4840-bdea-478a661520bd,function_transfer_time,1773616360.806396,0.007865
experiment_name,65b2754a-3d0c-4840-bdea-478a661520bd,function_transfer_time,1773616360.806497,0.006256
experiment_name,65b2754a-3d0c-4840-bdea-478a661520bd,function_transfer_time,1773616360.806631,0.006001
experiment_name,65b2754a-3d0c-4840-bdea-478a661520bd,function_transfer_time,1773616360.806766,0.005037
experiment_name,65b2754a-3d0c-4840-bdea-478a661520bd,function_transfer_time,1773616360.806979,0.003984
experiment_name,65b2754a-3d0c-4840-bdea-478a661520bd,function_transfer_time,1773616360.807171,0.003346
experiment_name,65b2754a-3d0c-4840-bdea-478a661520bd,function_transfer_time,1773616360.807339,0.001552
experiment_name,65b2754a-3d0c-4840-bdea-478a661520bd,function_transfer_time,1773616360.807522,0.001472
experiment_name,65b2754a-3d0c-4840-bdea-478a661520bd,function_transfer_time,1773616360.807964,0.001047
experiment_name,65b2754a-3d0c-4840-bdea-478a661520bd,function_transfer_time,1773616360.808155,0.001066
experiment_name,65b2754a-3d0c-4840-bdea-478a661520bd,function_transfer_time,1773616360.80837,0.000528
experiment_name,65b2754a-3d0c-4840-bdea-478a661520bd,function_transfer_time,1773616360.808692,0.000043
experiment_name,17545c8f-6910-4173-a837-80a8ab234afe,function_transfer_time,1773616360.767353,0.000168
experiment_name,17545c8f-6910-4173-a837-80a8ab234afe,function_transfer_time,1773616360.804779,0.000023
experiment_name,991ae153-23d9-49e3-b2ab-7d3e2ab06d1c,function_transfer_time,1773616360.800574,0.000012
experiment_name,991ae153-23d9-49e3-b2ab-7d3e2ab06d1c,function_transfer_time,1773616360.806749,0.000036
experiment_name,2f309e00-a5cc-43c1-b09e-29c0de1ebff2,function_transfer_time,1773616360.780742,0.00006
experiment_name,2f309e00-a5cc-43c1-b09e-29c0de1ebff2,function_transfer_time,1773616360.805123,0.000023
experiment_name,e5be030a-19de-494c-8f99-9694201eceb2,function_transfer_time,1773616360.80164,0.000055
experiment_name,e5be030a-19de-494c-8f99-9694201eceb2,function_transfer_time,1773616360.801811,0.000019
experiment_name,b89d87b5-8cd2-4393-a2ce-2db2b8ee866e,function_transfer_time,1773616360.792161,0.000044
experiment_name,b89d87b5-8cd2-4393-a2ce-2db2b8ee866e,function_transfer_time,1773616360.806126,0.000055
experiment_name,814287ba-ab44-4f8e-9548-7d955a3bcc86,function_transfer_time,1773616360.772184,0.000078
experiment_name,814287ba-ab44-4f8e-9548-7d955a3bcc86,function_transfer_time,1773616360.804921,0.000052
experiment_name,94ce32b4-c4ec-4313-b113-573bfd591961,function_transfer_time,1773616360.803585,0.00003
experiment_name,7c336441-d132-4c4a-a10f-37eb2c679aaf,function_transfer_time,1773616360.796538,0.016779
experiment_name,7c336441-d132-4c4a-a10f-37eb2c679aaf,function_transfer_time,1773616360.797248,0.000023
experiment_name,7c336441-d132-4c4a-a10f-37eb2c679aaf,function_transfer_time,1773616360.798947,0.000036
experiment_name,7c336441-d132-4c4a-a10f-37eb2c679aaf,function_transfer_time,1773616360.800887,0.00002
experiment_name,7c336441-d132-4c4a-a10f-37eb2c679aaf,function_transfer_time,1773616360.801753,0.000025
experiment_name,7c336441-d132-4c4a-a10f-37eb2c679aaf,function_transfer_time,1773616360.804015,0.000014
experiment_name,7c336441-d132-4c4a-a10f-37eb2c679aaf,function_transfer_time,1773616360.80467,0.000038
experiment_name,7c336441-d132-4c4a-a10f-37eb2c679aaf,function_transfer_time,1773616360.80956,0.00004
experiment_name,9daaaacd-b6d9-4a1f-87dd-dd904471d409,function_transfer_time,1773616360.806168,0.037301
experiment_name,7e045582-82f7-4fb3-8d04-ab6e06a16b55,function_transfer_time,1773616360.798001,0.000014
experiment_name,7e045582-82f7-4fb3-8d04-ab6e06a16b55,function_transfer_time,1773616360.806379,0.000028
experiment_name,7bf31f25-1ac8-46e1-91d4-af9cbfcee82c,function_transfer_time,1773616360.802166,0.000013
experiment_name,7bf31f25-1ac8-46e1-91d4-af9cbfcee82c,function_transfer_time,1773616360.808982,0.000029
experiment_name,8d9ef8e5-3a3d-4e21-97c9-68620f8ced79,function_transfer_time,1773616360.796716,0.000013
experiment_name,8d9ef8e5-3a3d-4e21-97c9-68620f8ced79,function_transfer_time,1773616360.808471,0.000038
experiment_name,a020fc59-a4bb-480b-b2f4-9c415d2194d1,function_transfer_time,1773616360.761344,0.00004
experiment_name,a020fc59-a4bb-480b-b2f4-9c415d2194d1,function_transfer_time,1773616360.804148,0.000049
experiment_name,3f1dfb18-903e-4ba9-b9ec-a6d959f79928,function_transfer_time,1773616360.768788,0.000042
experiment_name,5dc422e1-817e-48f2-968a-b5cb8e5d0e07,function_transfer_time,1773616360.803961,0.000013
experiment_name,5dc422e1-817e-48f2-968a-b5cb8e5d0e07,function_transfer_time,1773616360.804155,0.000037
experiment_name,0baabd7f-b910-4592-b5c5-d8c3f0a255cd,function_transfer_time,1773616360.779631,0.000033
experiment_name,0baabd7f-b910-4592-b5c5-d8c3f0a255cd,function_transfer_time,1773616360.796641,0.000018
experiment_name,28b06a15-8e48-491c-bdd5-2d4dec371fe5,function_transfer_time,1773616360.80372,0.000027
experiment_name,28b06a15-8e48-491c-bdd5-2d4dec371fe5,function_transfer_time,1773616360.807302,0.000031
experiment_name,9789b3bc-ede3-4852-9ae6-99dc881f74de,function_transfer_time,1773616360.800824,0.000012
experiment_name,9789b3bc-ede3-4852-9ae6-99dc881f74de,function_transfer_time,1773616360.800977,0.00003
experiment_name,c906850d-e97e-4633-93d6-5da9992d8720,function_transfer_time,1773616360.791857,0.000072
experiment_name,c906850d-e97e-4633-93d6-5da9992d8720,function_transfer_time,1773616360.805859,0.000018
experiment_name,7e1a9157-8489-461c-9bf7-798f3b7e356c,function_transfer_time,1773616360.805613,0.000053
experiment_name,7e1a9157-8489-461c-9bf7-798f3b7e356c,function_transfer_time,1773616360.807474,0.000034
experiment_name,50105f1f-4912-46fb-bf46-a713c3317cd4,function_transfer_time,1773616360.798877,0.000013
experiment_name,50105f1f-4912-46fb-bf46-a713c3317cd4,function_transfer_time,1773616360.799032,0.000016
experiment_name,1b6babf3-bc4a-43c0-8019-989390140d3d,function_transfer_time,1773616360.804535,0.000013
experiment_name,1b6babf3-bc4a-43c0-8019-989390140d3d,function_transfer_time,1773616360.804831,0.00003
experiment_name,c208053d-0fa5-41a1-bf42-e4a4ec7ca64c,function_transfer_time,1773616360.761411,0.000037
experiment_name,c208053d-0fa5-41a1-bf42-e4a4ec7ca64c,function_transfer_time,1773616360.804185,0.00002
experiment_name,e4635f70-d8d5-4dde-81f9-de217ca87e72,function_transfer_time,1773616360.790679,0.000109
experiment_name,e4635f70-d8d5-4dde-81f9-de217ca87e72,function_transfer_time,1773616360.805681,0.000034
experiment_name,f40b5f94-4291-46b2-835d-862ec6f965bd,function_transfer_time,1773616360.773877,0.000072
experiment_name,f40b5f94-4291-46b2-835d-862ec6f965bd,function_transfer_time,1773616360.807728,0.000053
experiment_name,9a84930d-0062-4dbc-b57c-bff8a0321af8,function_transfer_time,1773616360.786769,0.000051
experiment_name,9a84930d-0062-4dbc-b57c-bff8a0321af8,function_transfer_time,1773616360.805583,0.000046
experiment_name,337b9e6a-7075-4912-b038-881fe0906f4b,function_transfer_time,1773616360.806971,0.000017
experiment_name,337b9e6a-7075-4912-b038-881fe0906f4b,function_transfer_time,1773616360.808312,0.000049
experiment_name,eb187f0a-f151-48ff-bed3-28d63b4e297c,function_transfer_time,1773616360.762483,0.000032
experiment_name,eb187f0a-f151-48ff-bed3-28d63b4e297c,function_transfer_time,1773616360.804457,0.000058
experiment_name,fbc9f051-290d-420d-b55d-790a3b9b6be2,function_transfer_time,1773616360.797641,0.000022
experiment_name,fbc9f051-290d-420d-b55d-790a3b9b6be2,function_transfer_time,1773616360.808789,0.000045
experiment_name,95a36368-922c-46cf-aa5c-680f89f1c71d,function_transfer_time,1773616360.797133,0.000015
experiment_name,95a36368-922c-46cf-aa5c-680f89f1c71d,function_transfer_time,1773616360.797394,0.000035
experiment_name,e833adfa-a754-4fb2-99da-b9234d5e223e,function_transfer_time,1773616360.805989,0.000033
experiment_name,e833adfa-a754-4fb2-99da-b9234d5e223e,function_transfer_time,1773616360.807815,0.000083
experiment_name,7b621c84-de8b-4e5b-b323-960d39725074,function_transfer_time,1773616360.765819,0.000097
experiment_name,7b621c84-de8b-4e5b-b323-960d39725074,function_transfer_time,1773616360.804608,0.000046
experiment_name,065f495c-c2f3-458f-92da-e85a067f31cf,function_transfer_time,1773616360.792559,0.000048
experiment_name,065f495c-c2f3-458f-92da-e85a067f31cf,function_transfer_time,1773616360.806289,0.000049
experiment_name,830174d4-2ae6-4a1e-8897-36a206e0747f,function_transfer_time,1773616360.803698,0.000046
experiment_name,07466f43-f475-4527-b032-d6fb8a61a79d,function_transfer_time,1773616360.807257,0.039853
experiment_name,07466f43-f475-4527-b032-d6fb8a61a79d,function_transfer_time,1773616360.807467,0.033488
experiment_name,07466f43-f475-4527-b032-d6fb8a61a79d,function_transfer_time,1773616360.807775,0.028943
experiment_name,07466f43-f475-4527-b032-d6fb8a61a79d,function_transfer_time,1773616360.808244,0.011474
experiment_name,07466f43-f475-4527-b032-d6fb8a61a79d,function_transfer_time,1773616360.808649,0.010864
experiment_name,07466f43-f475-4527-b032-d6fb8a61a79d,function_transfer_time,1773616360.808871,0.006643
experiment_name,07466f43-f475-4527-b032-d6fb8a61a79d,function_transfer_time,1773616360.80933,0.000025
experiment_name,6cdfb920-816b-41b9-a701-5c28a1258bda,function_transfer_time,1773616360.802956,0.000011
experiment_name,6cdfb920-816b-41b9-a701-5c28a1258bda,function_transfer_time,1773616360.807127,0.000023
experiment_name,19d5950b-1b85-4665-b23c-a30e4bb6287d,function_transfer_time,1773616360.767324,0.000288
experiment_name,19d5950b-1b85-4665-b23c-a30e4bb6287d,function_transfer_time,1773616360.807408,0.000062
experiment_name,156d0b1c-aada-4918-aaed-4cb801d0dcd2,function_transfer_time,1773616360.785492,0.00007
experiment_name,156d0b1c-aada-4918-aaed-4cb801d0dcd2,function_transfer_time,1773616360.805326,0.00005
experiment_name,2e6172cc-212b-4a74-9b15-7f5401848f26,function_transfer_time,1773616360.807724,0.000043
experiment_name,2e6172cc-212b-4a74-9b15-7f5401848f26,function_transfer_time,1773616360.808499,0.000026
experiment_name,20fd355a-90f0-4335-94bb-0895b8618709,function_transfer_time,1773616360.800168,0.000026
experiment_name,20fd355a-90f0-4335-94bb-0895b8618709,function_transfer_time,1773616360.80655,0.000028
experiment_name,922dcdfb-ff93-49bd-82bd-63ce8d4a4c16,function_transfer_time,1773616360.806787,0.000037
experiment_name,922dcdfb-ff93-49bd-82bd-63ce8d4a4c16,function_transfer_time,1773616360.808078,0.000026
experiment_name,b90fb17b-c103-44b7-b99e-28ea8b50e625,function_transfer_time,1773616360.785571,0.000304
experiment_name,b90fb17b-c103-44b7-b99e-28ea8b50e625,function_transfer_time,1773616360.805365,0.000028
experiment_name,2ed4f8d0-953b-42e3-9c1f-99b03825223d,function_instantiate_time,1773616360.810008,4.219601125
experiment_name,189fe8f4-5295-405b-9854-66854fc36864,function_instantiate_time,1773616360.813577,4.22338025
experiment_name,c44c8017-cf42-401b-b703-7afc1cdece12,function_instantiate_time,1773616360.810516,4.220298375
experiment_name,70cb79e3-cf62-4708-807c-2b0361132d83,function_instantiate_time,1773616360.814457,4.233365959
experiment_name,23455912-9677-4a9d-81ba-6c0322487c63,function_instantiate_time,1773616360.815707,4.236441625
experiment_name,bfa2e768-6799-490b-b576-2738ecc47cf2,function_instantiate_time,1773616360.813841,4.231271459
experiment_name,bf2799af-a6e7-4f4f-ad7a-9cc8074b731c,function_instantiate_time,1773616360.814555,4.232731291
experiment_name,7978cead-4ecf-4c4a-aae7-35c59341a99d,function_instantiate_time,1773616360.814904,4.235238042
experiment_name,2b86a062-53f0-4fbf-acd6-d8b6f7f2daee,function_instantiate_time,1773616360.815095,4.235401958
experiment_name,4f774466-c509-46d0-b3af-098a48a9f253,function_instantiate_time,1773616360.813557,4.223316209
experiment_name,a407990b-0741-410c-bde2-5f00e2a8eb7c,function_instantiate_time,1773616360.813611,4.228972708
experiment_name,5310ecdc-426d-49b2-8ab5-ca19868131cf,function_instantiate_time,1773616360.815613,4.236197542
experiment_name,214fa13d-7c5e-45a8-99c1-74b46963d721,function_instantiate_time,1773616360.814962,4.235452208
experiment_name,f0de00d0-006d-4053-98ab-2b4d9c6c937b,function_instantiate_time,1773616360.81518,4.235529917
experiment_name,e43cd559-76de-43b4-ad3a-d1a5c2b2ddad,function_instantiate_time,1773616360.815177,4.235920084
experiment_name,75df661c-0ee0-4ec2-8b5d-0bafe3187822,function_instantiate_time,1773616360.814528,4.234172042
experiment_name,214fa13d-7c5e-45a8-99c1-74b46963d721,function_init_time,1773616360.815061,0.000085042
experiment_name,c44c8017-cf42-401b-b703-7afc1cdece12,function_init_time,1773616360.810521,0.000079417
experiment_name,bf2799af-a6e7-4f4f-ad7a-9cc8074b731c,function_init_time,1773616360.814618,0.000057625
experiment_name,2ed4f8d0-953b-42e3-9c1f-99b03825223d,function_init_time,1773616360.810017,0.000060042
experiment_name,4f774466-c509-46d0-b3af-098a48a9f253,function_init_time,1773616360.813633,0.000072458
experiment_name,2b86a062-53f0-4fbf-acd6-d8b6f7f2daee,function_init_time,1773616360.815316,0.000199792
experiment_name,5310ecdc-426d-49b2-8ab5-ca19868131cf,function_init_time,1773616360.815682,0.000155333
experiment_name,75df661c-0ee0-4ec2-8b5d-0bafe3187822,function_init_time,1773616360.814579,0.000042459
experiment_name,bfa2e768-6799-490b-b576-2738ecc47cf2,function_init_time,1773616360.813927,0.000081958
experiment_name,23455912-9677-4a9d-81ba-6c0322487c63,function_init_time,1773616360.815845,0.000158958
experiment_name,f0de00d0-006d-4053-98ab-2b4d9c6c937b,function_init_time,1773616360.815295,0.000092875
experiment_name,189fe8f4-5295-405b-9854-66854fc36864,function_init_time,1773616360.813672,0.000060708
experiment_name,a407990b-0741-410c-bde2-5f00e2a8eb7c,function_init_time,1773616360.813708,0.000041375
experiment_name,70cb79e3-cf62-4708-807c-2b0361132d83,function_init_time,1773616360.814509,0.000044541
experiment_name,e43cd559-76de-43b4-ad3a-d1a5c2b2ddad,function_init_time,1773616360.815391,0.000172667
experiment_name,7978cead-4ecf-4c4a-aae7-35c59341a99d,function_init_time,1773616360.814969,0.000105375
experiment_name,65b2754a-3d0c-4840-bdea-478a661520bd,function_execution_time,1773616360.814062,0.000263292
experiment_name,65b2754a-3d0c-4840-bdea-478a661520bd,function_execution_time,1773616360.814191,0.000132416
experiment_name,65b2754a-3d0c-4840-bdea-478a661520bd,function_execution_time,1773616360.814339,0.000129083
experiment_name,65b2754a-3d0c-4840-bdea-478a661520bd,function_execution_time,1773616360.815052,0.000307209
experiment_name,65b2754a-3d0c-4840-bdea-478a661520bd,function_execution_time,1773616360.815345,0.000245042
experiment_name,65b2754a-3d0c-4840-bdea-478a661520bd,function_execution_time,1773616360.815648,0.000315916
experiment_name,65b2754a-3d0c-4840-bdea-478a661520bd,function_execution_time,1773616360.815879,0.000242125
experiment_name,65b2754a-3d0c-4840-bdea-478a661520bd,function_execution_time,1773616360.816019,0.000135084
experiment_name,65b2754a-3d0c-4840-bdea-478a661520bd,function_execution_time,1773616360.816182,0.000156458
experiment_name,65b2754a-3d0c-4840-bdea-478a661520bd,function_execution_time,1773616360.816304,0.000105375
experiment_name,65b2754a-3d0c-4840-bdea-478a661520bd,function_execution_time,1773616360.81642,0.000114916
experiment_name,65b2754a-3d0c-4840-bdea-478a661520bd,function_execution_time,1773616360.816526,0.000111167
experiment_name,e43cd559-76de-43b4-ad3a-d1a5c2b2ddad,function_execution_time,1773616360.815867,0.000488209
experiment_name,e43cd559-76de-43b4-ad3a-d1a5c2b2ddad,function_execution_time,1773616360.816355,0.000144916
experiment_name,7978cead-4ecf-4c4a-aae7-35c59341a99d,function_execution_time,1773616360.815661,0.000637916
experiment_name,7978cead-4ecf-4c4a-aae7-35c59341a99d,function_execution_time,1773616360.816334,0.000093041
experiment_name,07466f43-f475-4527-b032-d6fb8a61a79d,function_execution_time,1773616360.810491,0.000111458
experiment_name,07466f43-f475-4527-b032-d6fb8a61a79d,function_execution_time,1773616360.81088,0.000175875
experiment_name,07466f43-f475-4527-b032-d6fb8a61a79d,function_execution_time,1773616360.816187,0.00024375
experiment_name,214fa13d-7c5e-45a8-99c1-74b46963d721,function_execution_time,1773616360.815407,0.000193334
experiment_name,214fa13d-7c5e-45a8-99c1-74b46963d721,function_execution_time,1773616360.816087,0.000221
experiment_name,c44c8017-cf42-401b-b703-7afc1cdece12,function_execution_time,1773616360.811385,0.000070959
experiment_name,c44c8017-cf42-401b-b703-7afc1cdece12,function_execution_time,1773616360.812981,0.000058
experiment_name,2ed4f8d0-953b-42e3-9c1f-99b03825223d,function_execution_time,1773616360.810502,0.000191791
experiment_name,2ed4f8d0-953b-42e3-9c1f-99b03825223d,function_execution_time,1773616360.812862,0.000128625
experiment_name,a407990b-0741-410c-bde2-5f00e2a8eb7c,function_execution_time,1773616360.813866,0.000205625
experiment_name,a407990b-0741-410c-bde2-5f00e2a8eb7c,function_execution_time,1773616360.814336,0.000149584
experiment_name,5310ecdc-426d-49b2-8ab5-ca19868131cf,function_execution_time,1773616360.81606,0.000340791
experiment_name,5310ecdc-426d-49b2-8ab5-ca19868131cf,function_execution_time,1773616360.816583,0.000052958
experiment_name,75df661c-0ee0-4ec2-8b5d-0bafe3187822,function_execution_time,1773616360.814741,0.000144917
experiment_name,75df661c-0ee0-4ec2-8b5d-0bafe3187822,function_execution_time,1773616360.815336,0.000331875
experiment_name,2b86a062-53f0-4fbf-acd6-d8b6f7f2daee,function_execution_time,1773616360.815634,0.000238917
experiment_name,2b86a062-53f0-4fbf-acd6-d8b6f7f2daee,function_execution_time,1773616360.816179,0.000149209
experiment_name,f0de00d0-006d-4053-98ab-2b4d9c6c937b,function_execution_time,1773616360.815861,0.000477125
experiment_name,f0de00d0-006d-4053-98ab-2b4d9c6c937b,function_execution_time,1773616360.816394,0.000089917
experiment_name,7c336441-d132-4c4a-a10f-37eb2c679aaf,function_execution_time,1773616360.812847,0.000946458
experiment_name,7c336441-d132-4c4a-a10f-37eb2c679aaf,function_execution_time,1773616360.814168,0.0002585
experiment_name,4f774466-c509-46d0-b3af-098a48a9f253,function_execution_time,1773616360.813852,0.000204292
experiment_name,4f774466-c509-46d0-b3af-098a48a9f253,function_execution_time,1773616360.814152,0.00016825
experiment_name,23455912-9677-4a9d-81ba-6c0322487c63,function_execution_time,1773616360.816022,0.000150958
experiment_name,23455912-9677-4a9d-81ba-6c0322487c63,function_execution_time,1773616360.816509,0.00009875
experiment_name,189fe8f4-5295-405b-9854-66854fc36864,function_execution_time,1773616360.813912,0.000229
experiment_name,189fe8f4-5295-405b-9854-66854fc36864,function_execution_time,1773616360.814319,0.0001505
experiment_name,5204e3f8-26f7-45f0-b146-353c18652f1a,function_execution_time,1773616360.810044,0.000127625
experiment_name,5204e3f8-26f7-45f0-b146-353c18652f1a,function_execution_time,1773616360.811356,0.000071583
experiment_name,bf2799af-a6e7-4f4f-ad7a-9cc8074b731c,function_execution_time,1773616360.814747,0.000128334
experiment_name,bf2799af-a6e7-4f4f-ad7a-9cc8074b731c,function_execution_time,1773616360.81576,0.000421792
experiment_name,70cb79e3-cf62-4708-807c-2b0361132d83,function_execution_time,1773616360.814911,0.000296833
experiment_name,70cb79e3-cf62-4708-807c-2b0361132d83,function_execution_time,1773616360.815781,0.000266167
experiment_name,bfa2e768-6799-490b-b576-2738ecc47cf2,function_execution_time,1773616360.814103,0.000155625
experiment_name,bfa2e768-6799-490b-b576-2738ecc47cf2,function_execution_time,1773616360.814426,0.000080083
experiment_name,c44c8017-cf42-401b-b703-7afc1cdece12,function_transfer_time,1773616360.811369,0.000605
experiment_name,c44c8017-cf42-401b-b703-7afc1cdece12,function_transfer_time,1773616360.81291,0.000401
experiment_name,e43cd559-76de-43b4-ad3a-d1a5c2b2ddad,function_transfer_time,1773616360.815492,0.000087
experiment_name,e43cd559-76de-43b4-ad3a-d1a5c2b2ddad,function_transfer_time,1773616360.816223,0.000077
experiment_name,bf2799af-a6e7-4f4f-ad7a-9cc8074b731c,function_transfer_time,1773616360.814639,0.000022
experiment_name,bf2799af-a6e7-4f4f-ad7a-9cc8074b731c,function_transfer_time,1773616360.815461,0.000099
experiment_name,5204e3f8-26f7-45f0-b146-353c18652f1a,function_transfer_time,1773616360.80991,0.000021
experiment_name,5204e3f8-26f7-45f0-b146-353c18652f1a,function_transfer_time,1773616360.811347,0.000894
experiment_name,75df661c-0ee0-4ec2-8b5d-0bafe3187822,function_transfer_time,1773616360.814606,0.000037
experiment_name,75df661c-0ee0-4ec2-8b5d-0bafe3187822,function_transfer_time,1773616360.814924,0.000097
experiment_name,07466f43-f475-4527-b032-d6fb8a61a79d,function_transfer_time,1773616360.810059,0.00005
experiment_name,07466f43-f475-4527-b032-d6fb8a61a79d,function_transfer_time,1773616360.810854,0.000442
experiment_name,07466f43-f475-4527-b032-d6fb8a61a79d,function_transfer_time,1773616360.815972,0.000098
experiment_name,70cb79e3-cf62-4708-807c-2b0361132d83,function_transfer_time,1773616360.814563,0.000076
experiment_name,70cb79e3-cf62-4708-807c-2b0361132d83,function_transfer_time,1773616360.81562,0.000122
experiment_name,bfa2e768-6799-490b-b576-2738ecc47cf2,function_transfer_time,1773616360.813968,0.000025
experiment_name,bfa2e768-6799-490b-b576-2738ecc47cf2,function_transfer_time,1773616360.814342,0.00004
experiment_name,a407990b-0741-410c-bde2-5f00e2a8eb7c,function_transfer_time,1773616360.813728,0.000013
experiment_name,a407990b-0741-410c-bde2-5f00e2a8eb7c,function_transfer_time,1773616360.814176,0.000029
experiment_name,7c336441-d132-4c4a-a10f-37eb2c679aaf,function_transfer_time,1773616360.812793,0.000515
experiment_name,7c336441-d132-4c4a-a10f-37eb2c679aaf,function_transfer_time,1773616360.8139,0.000042
experiment_name,2b86a062-53f0-4fbf-acd6-d8b6f7f2daee,function_transfer_time,1773616360.815467,0.000088
experiment_name,2b86a062-53f0-4fbf-acd6-d8b6f7f2daee,function_transfer_time,1773616360.816057,0.000075
experiment_name,65b2754a-3d0c-4840-bdea-478a661520bd,function_transfer_time,1773616360.813803,0.000062
experiment_name,65b2754a-3d0c-4840-bdea-478a661520bd,function_transfer_time,1773616360.814073,0.000322
experiment_name,65b2754a-3d0c-4840-bdea-478a661520bd,function_transfer_time,1773616360.8142,0.00015
experiment_name,65b2754a-3d0c-4840-bdea-478a661520bd,function_transfer_time,1773616360.814738,0.000025
experiment_name,65b2754a-3d0c-4840-bdea-478a661520bd,function_transfer_time,1773616360.815087,0.000333
experiment_name,65b2754a-3d0c-4840-bdea-478a661520bd,function_transfer_time,1773616360.815353,0.000549
experiment_name,65b2754a-3d0c-4840-bdea-478a661520bd,function_transfer_time,1773616360.815655,0.000336
experiment_name,65b2754a-3d0c-4840-bdea-478a661520bd,function_transfer_time,1773616360.815882,0.000365
experiment_name,65b2754a-3d0c-4840-bdea-478a661520bd,function_transfer_time,1773616360.816043,0.000506
experiment_name,65b2754a-3d0c-4840-bdea-478a661520bd,function_transfer_time,1773616360.816185,0.000399
experiment_name,65b2754a-3d0c-4840-bdea-478a661520bd,function_transfer_time,1773616360.816325,0.000329
experiment_name,65b2754a-3d0c-4840-bdea-478a661520bd,function_transfer_time,1773616360.816423,0.000445
experiment_name,5310ecdc-426d-49b2-8ab5-ca19868131cf,function_transfer_time,1773616360.815713,0.000059
experiment_name,5310ecdc-426d-49b2-8ab5-ca19868131cf,function_transfer_time,1773616360.816524,0.000025
experiment_name,7978cead-4ecf-4c4a-aae7-35c59341a99d,function_transfer_time,1773616360.815025,0.00005
experiment_name,7978cead-4ecf-4c4a-aae7-35c59341a99d,function_transfer_time,1773616360.816231,0.000071
experiment_name,4f774466-c509-46d0-b3af-098a48a9f253,function_transfer_time,1773616360.813693,0.000031
experiment_name,4f774466-c509-46d0-b3af-098a48a9f253,function_transfer_time,1773616360.81398,0.000023
experiment_name,23455912-9677-4a9d-81ba-6c0322487c63,function_transfer_time,1773616360.815875,0.000041
experiment_name,23455912-9677-4a9d-81ba-6c0322487c63,function_transfer_time,1773616360.816417,0.000028
experiment_name,214fa13d-7c5e-45a8-99c1-74b46963d721,function_transfer_time,1773616360.815171,0.000124
experiment_name,214fa13d-7c5e-45a8-99c1-74b46963d721,function_transfer_time,1773616360.815873,0.000023
experiment_name,2ed4f8d0-953b-42e3-9c1f-99b03825223d,function_transfer_time,1773616360.810065,0.000067
experiment_name,2ed4f8d0-953b-42e3-9c1f-99b03825223d,function_transfer_time,1773616360.812856,0.001854
experiment_name,f0de00d0-006d-4053-98ab-2b4d9c6c937b,function_transfer_time,1773616360.815482,0.000094
experiment_name,f0de00d0-006d-4053-98ab-2b4d9c6c937b,function_transfer_time,1773616360.816342,0.000056
experiment_name,189fe8f4-5295-405b-9854-66854fc36864,function_transfer_time,1773616360.813744,0.000051
experiment_name,189fe8f4-5295-405b-9854-66854fc36864,function_transfer_time,1773616360.814161,0.000031
experiment_name,2e6172cc-212b-4a74-9b15-7f5401848f26,function_stop_time,1773616360.960767,0.000016667
experiment_name,a78b9f92-4647-4603-9b44-4693ef408c8b,function_stop_time,1773616360.959331,0.000015541
experiment_name,e833adfa-a754-4fb2-99da-b9234d5e223e,function_stop_time,1773616360.954069,0.000015625
experiment_name,65b2754a-3d0c-4840-bdea-478a661520bd,function_stop_time,1773616360.927475,0.000049541
experiment_name,75f32b35-19ab-4899-81b7-b81647d388f6,function_stop_time,1773616360.943502,0.000018041
experiment_name,991ae153-23d9-49e3-b2ab-7d3e2ab06d1c,function_stop_time,1773616360.94867,0.000019542
experiment_name,712a6868-829f-46ff-a2aa-08c82a681dff,function_stop_time,1773616360.932178,0.000015458
experiment_name,bfa2e768-6799-490b-b576-2738ecc47cf2,function_stop_time,1773616360.956621,0.000014792
experiment_name,1d75dc2b-9177-4616-99f3-ee9e7bf4651c,function_stop_time,1773616360.931067,0.00002
experiment_name,b2b9fe8e-d2f2-4d55-92ef-1f3c1fb746c9,function_stop_time,1773616360.926611,0.00001775
experiment_name,0baabd7f-b910-4592-b5c5-d8c3f0a255cd,function_stop_time,1773616360.934327,0.000015833
experiment_name,6cdfb920-816b-41b9-a701-5c28a1258bda,function_stop_time,1773616360.947884,0.000019
experiment_name,404c0bcc-243d-482c-8521-482afbe28664,function_stop_time,1773616360.941634,0.000019958
experiment_name,5204e3f8-26f7-45f0-b146-353c18652f1a,function_stop_time,1773616360.922613,0.000025791
experiment_name,bf2799af-a6e7-4f4f-ad7a-9cc8074b731c,function_stop_time,1773616360.953498,0.000015333
experiment_name,c906850d-e97e-4633-93d6-5da9992d8720,function_stop_time,1773616360.960993,0.000015291
experiment_name,a407990b-0741-410c-bde2-5f00e2a8eb7c,function_stop_time,1773616360.959622,0.000019584
experiment_name,9789b3bc-ede3-4852-9ae6-99dc881f74de,function_stop_time,1773616360.937618,0.000019708
experiment_name,9a84930d-0062-4dbc-b57c-bff8a0321af8,function_stop_time,1773616360.907276,0.000016125
experiment_name,5310ecdc-426d-49b2-8ab5-ca19868131cf,function_stop_time,1773616360.905897,0.000028959
experiment_name,17003d1e-4162-4273-b577-e7a413e4be42,function_stop_time,1773616360.913057,0.000028792
experiment_name,19d5950b-1b85-4665-b23c-a30e4bb6287d,function_stop_time,1773616360.904078,0.000045667
experiment_name,c208053d-0fa5-41a1-bf42-e4a4ec7ca64c,function_stop_time,1773616360.960232,0.000016792
experiment_name,2ed4f8d0-953b-42e3-9c1f-99b03825223d,function_stop_time,1773616360.961763,0.000016458
experiment_name,7b621c84-de8b-4e5b-b323-960d39725074,function_stop_time,1773616360.923859,0.000033083
experiment_name,5dc422e1-817e-48f2-968a-b5cb8e5d0e07,function_stop_time,1773616360.91715,0.000018625
experiment_name,94ce32b4-c4ec-4313-b113-573bfd591961,function_stop_time,1773616360.95574,0.000015666
experiment_name,9daaaacd-b6d9-4a1f-87dd-dd904471d409,function_stop_time,1773616360.910531,0.000020333
experiment_name,214fa13d-7c5e-45a8-99c1-74b46963d721,function_stop_time,1773616360.956152,0.000017917
experiment_name,95a36368-922c-46cf-aa5c-680f89f1c71d,function_stop_time,1773616360.960509,0.000015834
experiment_name,b89d87b5-8cd2-4393-a2ce-2db2b8ee866e,function_stop_time,1773616360.919782,0.000015584
experiment_name,50105f1f-4912-46fb-bf46-a713c3317cd4,function_stop_time,1773616360.929877,0.000015916
experiment_name,7e1a9157-8489-461c-9bf7-798f3b7e356c,function_stop_time,1773616360.950231,0.000017375
experiment_name,23455912-9677-4a9d-81ba-6c0322487c63,function_stop_time,1773616360.950949,0.00001925
experiment_name,e5be030a-19de-494c-8f99-9694201eceb2,function_stop_time,1773616360.94447,0.00001825
experiment_name,2b86a062-53f0-4fbf-acd6-d8b6f7f2daee,function_stop_time,1773616360.958251,0.000017084
experiment_name,065f495c-c2f3-458f-92da-e85a067f31cf,function_stop_time,1773616360.958646,0.000015292
experiment_name,189fe8f4-5295-405b-9854-66854fc36864,function_stop_time,1773616360.957077,0.00001475
experiment_name,e43cd559-76de-43b4-ad3a-d1a5c2b2ddad,function_stop_time,1773616360.942656,0.000017292
experiment_name,02118727-e985-469f-8eca-506fabb01e2f,function_stop_time,1773616360.918483,0.000018875
experiment_name,20fd355a-90f0-4335-94bb-0895b8618709,function_stop_time,1773616360.957842,0.000017959
experiment_name,7978cead-4ecf-4c4a-aae7-35c59341a99d,function_stop_time,1773616360.933307,0.000019209
experiment_name,922dcdfb-ff93-49bd-82bd-63ce8d4a4c16,function_stop_time,1773616360.915777,0.000017375
experiment_name,1b6babf3-bc4a-43c0-8019-989390140d3d,function_stop_time,1773616360.945368,0.000018584
experiment_name,fbc9f051-290d-420d-b55d-790a3b9b6be2,function_stop_time,1773616360.935526,0.00001625
experiment_name,814287ba-ab44-4f8e-9548-7d955a3bcc86,function_stop_time,1773616360.955218,0.000017
experiment_name,4f774466-c509-46d0-b3af-098a48a9f253,function_stop_time,1773616360.958996,0.000016084
experiment_name,830174d4-2ae6-4a1e-8897-36a206e0747f,function_stop_time,1773616360.957506,0.000016416
experiment_name,7e045582-82f7-4fb3-8d04-ab6e06a16b55,function_stop_time,1773616360.939649,0.000015709
experiment_name,70cb79e3-cf62-4708-807c-2b0361132d83,function_stop_time,1773616360.951594,0.000015584
experiment_name,f0de00d0-006d-4053-98ab-2b4d9c6c937b,function_stop_time,1773616360.940743,0.00002125
experiment_name,a01041c2-e496-421c-b42c-b46a27d2170b,function_stop_time,1773616360.952239,0.00001475
experiment_name,f40b5f94-4291-46b2-835d-862ec6f965bd,function_stop_time,1773616360.961208,0.000015375
experiment_name,75df661c-0ee0-4ec2-8b5d-0bafe3187822,function_stop_time,1773616360.947135,0.000025958
experiment_name,7c336441-d132-4c4a-a10f-37eb2c679aaf,function_stop_time,1773616360.936647,0.000033208
experiment_name,a020fc59-a4bb-480b-b2f4-9c415d2194d1,function_stop_time,1773616360.928555,0.000017333
experiment_name,2f309e00-a5cc-43c1-b09e-29c0de1ebff2,function_stop_time,1773616360.90886,0.000022625
experiment_name,28b06a15-8e48-491c-bdd5-2d4dec371fe5,function_stop_time,1773616360.96159,0.000015292
experiment_name,7bf31f25-1ac8-46e1-91d4-af9cbfcee82c,function_stop_time,1773616360.954654,0.000019334
experiment_name,07466f43-f475-4527-b032-d6fb8a61a79d,function_stop_time,1773616360.952971,0.000038792
experiment_name,3f1dfb18-903e-4ba9-b9ec-a6d959f79928,function_stop_time,1773616360.914482,0.0000225
experiment_name,c44c8017-cf42-401b-b703-7afc1cdece12,function_stop_time,1773616360.911629,0.000068459
experiment_name,eb187f0a-f151-48ff-bed3-28d63b4e297c,function_stop_time,1773616360.95994,0.000015792
experiment_name,156d0b1c-aada-4918-aaed-4cb801d0dcd2,function_stop_time,1773616360.946217,0.000020083
experiment_name,17545c8f-6910-4173-a837-80a8ab234afe,function_stop_time,1773616360.961411,0.000015416
experiment_name,8d9ef8e5-3a3d-4e21-97c9-68620f8ced79,function_stop_time,1773616360.925259,0.000021
experiment_name,337b9e6a-7075-4912-b038-881fe0906f4b,function_stop_time,1773616360.938727,0.000016375
experiment_name,b90fb17b-c103-44b7-b99e-28ea8b50e625,function_stop_time,1773616360.921194,0.000017333
experiment_name,e4635f70-d8d5-4dde-81f9-de217ca87e72,function_stop_time,1773616360.949447,0.0000175
experiment_name,5b5324a0-0bec-4da9-86de-e856e02d4cf2,function_instantiate_time,1773616365.231267,4.218328209
experiment_name,fd65f1bd-f40d-4a23-92b0-e46acc31d7c9,function_instantiate_time,1773616365.229708,4.215959375
experiment_name,3c110e60-9bb0-4252-a664-955255d94d86,function_instantiate_time,1773616365.20022,4.181135875
experiment_name,e403e5be-9ffc-41f9-8f9b-aae63ee410a7,function_instantiate_time,1773616365.241513,4.2712585
experiment_name,4d650b5c-476d-4076-814a-9cb0cde8b26d,function_instantiate_time,1773616365.211032,4.19325025
experiment_name,102a0892-4a34-43ff-b27f-251e1aefe83a,function_instantiate_time,1773616365.234489,4.223554583
experiment_name,3c9179fe-a62a-4998-b0ec-e294d51e3d33,function_instantiate_time,1773616365.208729,4.19045275
experiment_name,732bc7c0-0470-45a9-8547-1a4976399161,function_instantiate_time,1773616365.239573,4.254831583
experiment_name,abd6d84b-adf9-447f-a5e6-14da44dbed1e,function_instantiate_time,1773616365.234015,4.225762375
experiment_name,697c36cb-3e37-42e2-a1c3-dd8f64f50ac0,function_instantiate_time,1773616365.235421,4.227796958
experiment_name,91efc6b2-5539-4fd1-8312-12bbf7de0eb0,function_instantiate_time,1773616365.208098,4.189702959
experiment_name,e8300710-3d76-48d7-8fe0-6df5cea48f24,function_instantiate_time,1773616365.24294,4.280661541
experiment_name,d06c8641-2bde-4c9b-8833-6e85705ce0c9,function_instantiate_time,1773616365.199989,4.180772417
experiment_name,f3775274-b517-46ef-9331-3b3d768e95a0,function_instantiate_time,1773616365.242203,4.2792915
experiment_name,3606537e-5f1c-4522-b836-a5327f773707,function_instantiate_time,1773616365.243154,4.281097625
experiment_name,19ba367b-28b0-459c-a3c6-ebbe100f2fa3,function_instantiate_time,1773616365.242206,4.279433875
experiment_name,39a4365a-e8e4-4241-a988-b512ced756a6,function_instantiate_time,1773616365.214855,4.198748167
experiment_name,1326684c-0255-43e2-a30d-357cc1945700,function_instantiate_time,1773616365.236594,4.231817083
experiment_name,31e8331b-e420-471b-8b3d-75ab5f193cdb,function_instantiate_time,1773616365.227818,4.213120625
experiment_name,7f228e27-bfa7-4f59-9e89-a9ecdfb9503a,function_instantiate_time,1773616365.216488,4.1988389999999995
experiment_name,f2ae1457-2301-43aa-b3a7-4655487c378d,function_instantiate_time,1773616365.21135,4.193988125
experiment_name,1fea89d6-3ba0-4cca-89ec-2673c3579244,function_instantiate_time,1773616365.239469,4.252142792
experiment_name,7d6128ee-c280-40d5-9364-c7101da60d87,function_instantiate_time,1773616365.209792,4.191369875
experiment_name,25640bef-0009-48f8-926f-75b65611a200,function_instantiate_time,1773616365.225445,4.210094292
experiment_name,d1dac76a-3295-41e1-ba2a-01937fb844e9,function_instantiate_time,1773616365.242614,4.280594542
experiment_name,6630ec79-33ea-442e-8355-5ada06f2139c,function_instantiate_time,1773616365.238363,4.2436831250000004
experiment_name,995cf200-e476-4195-8429-5da20ec0762c,function_instantiate_time,1773616365.242611,4.280463958
experiment_name,0864ebe0-d457-4597-a0d2-de7bdc5bbcf7,function_instantiate_time,1773616365.232602,4.220058208
experiment_name,f4f8362d-b043-46f3-a229-99ba745918de,function_instantiate_time,1773616365.20792,4.189607333
experiment_name,1effb4f2-3e91-4297-b1ca-896f25dbfb46,function_instantiate_time,1773616365.209133,4.191218791
experiment_name,3ead1b02-67bc-404c-9b74-3f199f11b294,function_instantiate_time,1773616365.204485,4.186082167
experiment_name,3a4ffa9e-ad2d-4228-be7b-e5f7d4d3bf5d,function_instantiate_time,1773616365.204236,4.185018875
experiment_name,c87c592a-789c-4458-b9f6-505d3073e02a,function_instantiate_time,1773616365.236842,4.24826525
experiment_name,9141e8f5-792b-4e8e-94b8-0dd9b63d6121,function_instantiate_time,1773616365.199356,4.180006042
experiment_name,6f0df40a-3366-4bf6-935f-390f304eb205,function_instantiate_time,1773616365.235799,4.228708375
experiment_name,bdff0354-e2d1-42e0-94fc-7353ef9e2df3,function_instantiate_time,1773616365.222985,4.207193958
experiment_name,03f0c145-736a-40d8-95c0-4213210cdf4b,function_instantiate_time,1773616365.21121,4.193283583
experiment_name,5581b1b0-e5fe-415a-8319-ffb2331055a0,function_instantiate_time,1773616365.242874,4.280796667
experiment_name,2e442e73-46a6-49c7-a263-b522bc83a7fa,function_instantiate_time,1773616365.237693,4.270584
experiment_name,b79b572e-75ec-4558-8006-f0e648ca84c1,function_instantiate_time,1773616365.237159,4.2389575
experiment_name,58264381-4d7a-485b-aacc-88fbf01bb674,function_instantiate_time,1773616365.205621,4.186876583
experiment_name,aa622910-7dc9-4f58-b492-430cf69bbcf1,function_instantiate_time,1773616365.237259,4.231218833
experiment_name,dbaffda1-6b17-4790-8764-4b7ddeb1260d,function_instantiate_time,1773616365.241766,4.275781292
experiment_name,829f6876-d754-4381-95bf-db1c0a877351,function_instantiate_time,1773616365.24,4.26636425
experiment_name,6469360d-027e-4704-afe3-8a90bb4a0dbf,function_instantiate_time,1773616365.235882,4.228627917
experiment_name,a4a6ffd5-1077-42c7-8380-2352f9fb6882,function_instantiate_time,1773616365.239694,4.276842333
experiment_name,4d02d5b1-9ab4-46c1-bd6f-6f059b649ec5,function_instantiate_time,1773616365.216514,4.199575042
experiment_name,83da3d3b-4e02-40c8-8e26-c0d5855e2327,function_instantiate_time,1773616365.222099,4.205995
experiment_name,1ef114da-c325-409f-9598-8ca190e059ac,function_instantiate_time,1773616365.23656,4.228625708
experiment_name,840217f2-018f-45fb-9540-41a171ba2952,function_instantiate_time,1773616365.23076,4.217572208
experiment_name,1bd5a277-3c4e-4989-a33f-b39fd9d7caab,function_instantiate_time,1773616365.219393,4.202546375
experiment_name,42e3c598-f470-41bb-92a6-368b292aa25f,function_instantiate_time,1773616365.199365,4.180291334
experiment_name,465f6f01-e383-4a24-8505-ef80ac5f2f92,function_instantiate_time,1773616365.216436,4.199511542
experiment_name,b2c0e6ad-f9d5-4423-a327-335dd75ceb51,function_instantiate_time,1773616365.243091,4.281111417
experiment_name,eb5db7ef-1f69-4cd6-8c75-a1914673aea9,function_instantiate_time,1773616365.21852,4.202104625
experiment_name,01f91e59-193b-4a4a-8d02-1500c1836ca9,function_instantiate_time,1773616365.229732,4.215533
experiment_name,b7ab0040-c78a-450e-b29e-3c338ebc25ba,function_instantiate_time,1773616365.206775,4.189113083
experiment_name,3145c88a-51e8-486a-9b77-48eb61ca4b5c,function_instantiate_time,1773616365.224323,4.209457208
experiment_name,95cb37ca-125e-4948-b5db-041e9b768991,function_instantiate_time,1773616365.220855,4.204796125
experiment_name,a749925c-f4db-4467-8f2b-41c2e1a40c74,function_instantiate_time,1773616365.20716,4.189042959
experiment_name,8fc1e28d-c6f6-495c-9e61-eb7926fe2880,function_instantiate_time,1773616365.204482,4.185723875
experiment_name,18920233-96f4-40b0-8067-fa1cceceb89b,function_instantiate_time,1773616365.238047,4.271785167
experiment_name,af699109-4c5e-4d83-852b-9fdf73161df3,function_instantiate_time,1773616365.23254,4.2204695
experiment_name,9a23194d-3e13-45cd-862b-527efff27036,function_instantiate_time,1773616365.238911,4.250658334
experiment_name,7d1dfef0-328d-4620-abfe-5891ef2df290,function_instantiate_time,1773616365.238737,4.27653525
experiment_name,08c4dcd4-f384-4a8d-998e-ce4721992b71,function_instantiate_time,1773616365.227098,4.212442125
experiment_name,b8707498-49e8-4e55-b354-0a6f34c6d34e,function_instantiate_time,1773616365.23359,4.224348041
experiment_name,f0448e52-07d0-4678-b80a-dde2f6f357c8,function_instantiate_time,1773616365.240795,4.277997291
experiment_name,fe3486ba-6caf-4bc7-bbb3-9588250b5905,function_instantiate_time,1773616365.238213,4.247481875
experiment_name,b2c0e6ad-f9d5-4423-a327-335dd75ceb51,function_init_time,1773616365.243183,0.00008725
experiment_name,732bc7c0-0470-45a9-8547-1a4976399161,function_init_time,1773616365.239595,0.00004125
experiment_name,6f0df40a-3366-4bf6-935f-390f304eb205,function_init_time,1773616365.235885,0.000075375
experiment_name,9141e8f5-792b-4e8e-94b8-0dd9b63d6121,function_init_time,1773616365.199368,0.000087667
experiment_name,bdff0354-e2d1-42e0-94fc-7353ef9e2df3,function_init_time,1773616365.223081,0.0000935
experiment_name,7d1dfef0-328d-4620-abfe-5891ef2df290,function_init_time,1773616365.23876,0.000022875
experiment_name,08c4dcd4-f384-4a8d-998e-ce4721992b71,function_init_time,1773616365.227107,0.000075292
experiment_name,01f91e59-193b-4a4a-8d02-1500c1836ca9,function_init_time,1773616365.229827,0.000095375
experiment_name,aa622910-7dc9-4f58-b492-430cf69bbcf1,function_init_time,1773616365.237312,0.00005275
experiment_name,3a4ffa9e-ad2d-4228-be7b-e5f7d4d3bf5d,function_init_time,1773616365.204242,0.000053791
experiment_name,19ba367b-28b0-459c-a3c6-ebbe100f2fa3,function_init_time,1773616365.242246,0.000041458
experiment_name,eb5db7ef-1f69-4cd6-8c75-a1914673aea9,function_init_time,1773616365.218681,0.000144041
experiment_name,d1dac76a-3295-41e1-ba2a-01937fb844e9,function_init_time,1773616365.24266,0.000040041
experiment_name,4d02d5b1-9ab4-46c1-bd6f-6f059b649ec5,function_init_time,1773616365.216521,0.000034333
experiment_name,03f0c145-736a-40d8-95c0-4213210cdf4b,function_init_time,1773616365.211218,0.000036792
experiment_name,b8707498-49e8-4e55-b354-0a6f34c6d34e,function_init_time,1773616365.233593,0.000036209
experiment_name,fd65f1bd-f40d-4a23-92b0-e46acc31d7c9,function_init_time,1773616365.229762,0.000050375
experiment_name,c87c592a-789c-4458-b9f6-505d3073e02a,function_init_time,1773616365.236881,0.000037375
experiment_name,42e3c598-f470-41bb-92a6-368b292aa25f,function_init_time,1773616365.199406,0.000095625
experiment_name,9a23194d-3e13-45cd-862b-527efff27036,function_init_time,1773616365.238948,0.000033625
experiment_name,1fea89d6-3ba0-4cca-89ec-2673c3579244,function_init_time,1773616365.239533,0.000050375
experiment_name,8fc1e28d-c6f6-495c-9e61-eb7926fe2880,function_init_time,1773616365.204503,0.000056041
experiment_name,f3775274-b517-46ef-9331-3b3d768e95a0,function_init_time,1773616365.242231,0.000036125
experiment_name,2e442e73-46a6-49c7-a263-b522bc83a7fa,function_init_time,1773616365.237737,0.000039042
experiment_name,1326684c-0255-43e2-a30d-357cc1945700,function_init_time,1773616365.236651,0.00004425
experiment_name,58264381-4d7a-485b-aacc-88fbf01bb674,function_init_time,1773616365.205655,0.000048834
experiment_name,0864ebe0-d457-4597-a0d2-de7bdc5bbcf7,function_init_time,1773616365.232659,0.000041583
experiment_name,102a0892-4a34-43ff-b27f-251e1aefe83a,function_init_time,1773616365.234521,0.000035625
experiment_name,dbaffda1-6b17-4790-8764-4b7ddeb1260d,function_init_time,1773616365.241811,0.000057834
experiment_name,3606537e-5f1c-4522-b836-a5327f773707,function_init_time,1773616365.243203,0.000048292
experiment_name,6469360d-027e-4704-afe3-8a90bb4a0dbf,function_init_time,1773616365.235913,0.000049
experiment_name,829f6876-d754-4381-95bf-db1c0a877351,function_init_time,1773616365.240033,0.000060125
experiment_name,465f6f01-e383-4a24-8505-ef80ac5f2f92,function_init_time,1773616365.216447,0.000043792
experiment_name,5b5324a0-0bec-4da9-86de-e856e02d4cf2,function_init_time,1773616365.231303,0.0000365
experiment_name,25640bef-0009-48f8-926f-75b65611a200,function_init_time,1773616365.22551,0.000074958
experiment_name,fe3486ba-6caf-4bc7-bbb3-9588250b5905,function_init_time,1773616365.238291,0.00006275
experiment_name,b79b572e-75ec-4558-8006-f0e648ca84c1,function_init_time,1773616365.237196,0.000038917
experiment_name,abd6d84b-adf9-447f-a5e6-14da44dbed1e,function_init_time,1773616365.23407,0.000036833
experiment_name,af699109-4c5e-4d83-852b-9fdf73161df3,function_init_time,1773616365.232625,0.000093959
experiment_name,d06c8641-2bde-4c9b-8833-6e85705ce0c9,function_init_time,1773616365.199992,0.000046459
experiment_name,95cb37ca-125e-4948-b5db-041e9b768991,function_init_time,1773616365.220963,0.000100708
experiment_name,697c36cb-3e37-42e2-a1c3-dd8f64f50ac0,function_init_time,1773616365.235456,0.000035041
experiment_name,b7ab0040-c78a-450e-b29e-3c338ebc25ba,function_init_time,1773616365.20679,0.000027291
experiment_name,3c9179fe-a62a-4998-b0ec-e294d51e3d33,function_init_time,1773616365.208811,0.000093125
experiment_name,e403e5be-9ffc-41f9-8f9b-aae63ee410a7,function_init_time,1773616365.241563,0.000058667
experiment_name,18920233-96f4-40b0-8067-fa1cceceb89b,function_init_time,1773616365.238112,0.0000555
experiment_name,f0448e52-07d0-4678-b80a-dde2f6f357c8,function_init_time,1773616365.240843,0.000037166
experiment_name,6630ec79-33ea-442e-8355-5ada06f2139c,function_init_time,1773616365.238481,0.000130334
experiment_name,7f228e27-bfa7-4f59-9e89-a9ecdfb9503a,function_init_time,1773616365.216494,0.000104125
experiment_name,f4f8362d-b043-46f3-a229-99ba745918de,function_init_time,1773616365.207948,0.0000375
experiment_name,3145c88a-51e8-486a-9b77-48eb61ca4b5c,function_init_time,1773616365.224368,0.000087833
experiment_name,1ef114da-c325-409f-9598-8ca190e059ac,function_init_time,1773616365.2366,0.000049708
experiment_name,f2ae1457-2301-43aa-b3a7-4655487c378d,function_init_time,1773616365.211424,0.000081875
experiment_name,1effb4f2-3e91-4297-b1ca-896f25dbfb46,function_init_time,1773616365.209185,0.000045458
experiment_name,840217f2-018f-45fb-9540-41a171ba2952,function_init_time,1773616365.23079,0.000039625
experiment_name,995cf200-e476-4195-8429-5da20ec0762c,function_init_time,1773616365.242644,0.000037291
experiment_name,3ead1b02-67bc-404c-9b74-3f199f11b294,function_init_time,1773616365.204591,0.00011625
experiment_name,a4a6ffd5-1077-42c7-8380-2352f9fb6882,function_init_time,1773616365.239765,0.000071292
experiment_name,31e8331b-e420-471b-8b3d-75ab5f193cdb,function_init_time,1773616365.22787,0.000043833
experiment_name,39a4365a-e8e4-4241-a988-b512ced756a6,function_init_time,1773616365.214931,0.000078083
experiment_name,3c110e60-9bb0-4252-a664-955255d94d86,function_init_time,1773616365.200322,0.000091541
experiment_name,83da3d3b-4e02-40c8-8e26-c0d5855e2327,function_init_time,1773616365.222209,0.000100125
experiment_name,1bd5a277-3c4e-4989-a33f-b39fd9d7caab,function_init_time,1773616365.21978,0.000383125
experiment_name,91efc6b2-5539-4fd1-8312-12bbf7de0eb0,function_init_time,1773616365.208162,0.000065458
experiment_name,4d650b5c-476d-4076-814a-9cb0cde8b26d,function_init_time,1773616365.211041,0.000083875
experiment_name,e8300710-3d76-48d7-8fe0-6df5cea48f24,function_init_time,1773616365.243009,0.000045333
experiment_name,5581b1b0-e5fe-415a-8319-ffb2331055a0,function_init_time,1773616365.242917,0.000046458
experiment_name,7d6128ee-c280-40d5-9364-c7101da60d87,function_init_time,1773616365.209859,0.000076333
experiment_name,a749925c-f4db-4467-8f2b-41c2e1a40c74,function_init_time,1773616365.207164,0.000033459
experiment_name,95cb37ca-125e-4948-b5db-041e9b768991,function_execution_time,1773616365.221158,0.0001605
experiment_name,fd65f1bd-f40d-4a23-92b0-e46acc31d7c9,function_execution_time,1773616365.230047,0.00024725
experiment_name,d1dac76a-3295-41e1-ba2a-01937fb844e9,function_execution_time,1773616365.242748,0.000066334
experiment_name,d06c8641-2bde-4c9b-8833-6e85705ce0c9,function_execution_time,1773616365.200178,0.000117334
experiment_name,d06c8641-2bde-4c9b-8833-6e85705ce0c9,function_execution_time,1773616365.240014,0.0001185
experiment_name,b8707498-49e8-4e55-b354-0a6f34c6d34e,function_execution_time,1773616365.233705,0.000076792
experiment_name,1326684c-0255-43e2-a30d-357cc1945700,function_execution_time,1773616365.236818,0.000168541
experiment_name,03f0c145-736a-40d8-95c0-4213210cdf4b,function_execution_time,1773616365.211472,0.000077291
experiment_name,7d1dfef0-328d-4620-abfe-5891ef2df290,function_execution_time,1773616365.238824,0.000046375
experiment_name,465f6f01-e383-4a24-8505-ef80ac5f2f92,function_execution_time,1773616365.216877,0.000156792
experiment_name,f4f8362d-b043-46f3-a229-99ba745918de,function_execution_time,1773616365.208269,0.000262583
experiment_name,f4f8362d-b043-46f3-a229-99ba745918de,function_execution_time,1773616365.240515,0.000152375
experiment_name,39a4365a-e8e4-4241-a988-b512ced756a6,function_execution_time,1773616365.237871,0.000057958
experiment_name,e8300710-3d76-48d7-8fe0-6df5cea48f24,function_execution_time,1773616365.243357,0.000311208
experiment_name,e8300710-3d76-48d7-8fe0-6df5cea48f24,function_execution_time,1773616365.24357,0.000134292
experiment_name,eb5db7ef-1f69-4cd6-8c75-a1914673aea9,function_execution_time,1773616365.218861,0.000145459
experiment_name,3c110e60-9bb0-4252-a664-955255d94d86,function_execution_time,1773616365.20051,0.000069292
experiment_name,3c110e60-9bb0-4252-a664-955255d94d86,function_execution_time,1773616365.240264,0.000185542
experiment_name,829f6876-d754-4381-95bf-db1c0a877351,function_execution_time,1773616365.2402,0.000107625
experiment_name,6469360d-027e-4704-afe3-8a90bb4a0dbf,function_execution_time,1773616365.236023,0.0000985
experiment_name,6630ec79-33ea-442e-8355-5ada06f2139c,function_execution_time,1773616365.238557,0.000069917
experiment_name,6630ec79-33ea-442e-8355-5ada06f2139c,function_execution_time,1773616365.241286,0.00023975
experiment_name,01f91e59-193b-4a4a-8d02-1500c1836ca9,function_execution_time,1773616365.229972,0.00010325
experiment_name,bdff0354-e2d1-42e0-94fc-7353ef9e2df3,function_execution_time,1773616365.22327,0.000159208
experiment_name,31e8331b-e420-471b-8b3d-75ab5f193cdb,function_execution_time,1773616365.227983,0.000071042
experiment_name,1bd5a277-3c4e-4989-a33f-b39fd9d7caab,function_execution_time,1773616365.219893,0.000071084
experiment_name,a4a6ffd5-1077-42c7-8380-2352f9fb6882,function_execution_time,1773616365.23998,0.000199959
experiment_name,a4a6ffd5-1077-42c7-8380-2352f9fb6882,function_execution_time,1773616365.240135,0.00011425
experiment_name,a4a6ffd5-1077-42c7-8380-2352f9fb6882,function_execution_time,1773616365.240244,0.000141792
experiment_name,a4a6ffd5-1077-42c7-8380-2352f9fb6882,function_execution_time,1773616365.240355,0.000113292
experiment_name,a4a6ffd5-1077-42c7-8380-2352f9fb6882,function_execution_time,1773616365.240522,0.000133875
experiment_name,a4a6ffd5-1077-42c7-8380-2352f9fb6882,function_execution_time,1773616365.24073,0.000230167
experiment_name,a4a6ffd5-1077-42c7-8380-2352f9fb6882,function_execution_time,1773616365.240879,0.00012225
experiment_name,a4a6ffd5-1077-42c7-8380-2352f9fb6882,function_execution_time,1773616365.241003,0.000136042
experiment_name,a4a6ffd5-1077-42c7-8380-2352f9fb6882,function_execution_time,1773616365.241164,0.000152125
experiment_name,a4a6ffd5-1077-42c7-8380-2352f9fb6882,function_execution_time,1773616365.243668,0.000215167
experiment_name,3a4ffa9e-ad2d-4228-be7b-e5f7d4d3bf5d,function_execution_time,1773616365.204487,0.000154292
experiment_name,3a4ffa9e-ad2d-4228-be7b-e5f7d4d3bf5d,function_execution_time,1773616365.240487,0.00027225
experiment_name,e403e5be-9ffc-41f9-8f9b-aae63ee410a7,function_execution_time,1773616365.241856,0.000235375
experiment_name,9a23194d-3e13-45cd-862b-527efff27036,function_execution_time,1773616365.239049,0.000064833
experiment_name,8fc1e28d-c6f6-495c-9e61-eb7926fe2880,function_execution_time,1773616365.204607,0.000080209
experiment_name,aa622910-7dc9-4f58-b492-430cf69bbcf1,function_execution_time,1773616365.237401,0.000074375
experiment_name,b7ab0040-c78a-450e-b29e-3c338ebc25ba,function_execution_time,1773616365.238434,0.000114333
experiment_name,dbaffda1-6b17-4790-8764-4b7ddeb1260d,function_execution_time,1773616365.241941,0.000088625
experiment_name,08c4dcd4-f384-4a8d-998e-ce4721992b71,function_execution_time,1773616365.227439,0.000165333
experiment_name,08c4dcd4-f384-4a8d-998e-ce4721992b71,function_execution_time,1773616365.240675,0.000081334
experiment_name,af699109-4c5e-4d83-852b-9fdf73161df3,function_execution_time,1773616365.232718,0.000080166
experiment_name,7f228e27-bfa7-4f59-9e89-a9ecdfb9503a,function_execution_time,1773616365.216892,0.00007625
experiment_name,7f228e27-bfa7-4f59-9e89-a9ecdfb9503a,function_execution_time,1773616365.240633,0.000144458
experiment_name,b79b572e-75ec-4558-8006-f0e648ca84c1,function_execution_time,1773616365.237325,0.00010725
experiment_name,b79b572e-75ec-4558-8006-f0e648ca84c1,function_execution_time,1773616365.241993,0.000078834
experiment_name,42e3c598-f470-41bb-92a6-368b292aa25f,function_execution_time,1773616365.199739,0.000175542
experiment_name,fe3486ba-6caf-4bc7-bbb3-9588250b5905,function_execution_time,1773616365.238416,0.000120417
experiment_name,fe3486ba-6caf-4bc7-bbb3-9588250b5905,function_execution_time,1773616365.240951,0.000134584
experiment_name,25640bef-0009-48f8-926f-75b65611a200,function_execution_time,1773616365.22569,0.000156583
experiment_name,25640bef-0009-48f8-926f-75b65611a200,function_execution_time,1773616365.241598,0.000152541
experiment_name,3145c88a-51e8-486a-9b77-48eb61ca4b5c,function_execution_time,1773616365.22455,0.00014975
experiment_name,6f0df40a-3366-4bf6-935f-390f304eb205,function_execution_time,1773616365.236053,0.000115
experiment_name,2e442e73-46a6-49c7-a263-b522bc83a7fa,function_execution_time,1773616365.237854,0.00008475
experiment_name,0864ebe0-d457-4597-a0d2-de7bdc5bbcf7,function_execution_time,1773616365.2328,0.000109166
experiment_name,0864ebe0-d457-4597-a0d2-de7bdc5bbcf7,function_execution_time,1773616365.241804,0.000197959
experiment_name,840217f2-018f-45fb-9540-41a171ba2952,function_execution_time,1773616365.230892,0.000082208
experiment_name,1effb4f2-3e91-4297-b1ca-896f25dbfb46,function_execution_time,1773616365.209406,0.000176208
experiment_name,1effb4f2-3e91-4297-b1ca-896f25dbfb46,function_execution_time,1773616365.241437,0.000149375
experiment_name,3606537e-5f1c-4522-b836-a5327f773707,function_execution_time,1773616365.243369,0.000141291
experiment_name,3606537e-5f1c-4522-b836-a5327f773707,function_execution_time,1773616365.243723,0.000050792
experiment_name,4d02d5b1-9ab4-46c1-bd6f-6f059b649ec5,function_execution_time,1773616365.216934,0.000075917
experiment_name,a749925c-f4db-4467-8f2b-41c2e1a40c74,function_execution_time,1773616365.207333,0.000076833
experiment_name,19ba367b-28b0-459c-a3c6-ebbe100f2fa3,function_execution_time,1773616365.242374,0.000091042
experiment_name,b2c0e6ad-f9d5-4423-a327-335dd75ceb51,function_execution_time,1773616365.243364,0.000156
experiment_name,b2c0e6ad-f9d5-4423-a327-335dd75ceb51,function_execution_time,1773616365.243617,0.000136833
experiment_name,18920233-96f4-40b0-8067-fa1cceceb89b,function_execution_time,1773616365.238347,0.000191917
experiment_name,3ead1b02-67bc-404c-9b74-3f199f11b294,function_execution_time,1773616365.204798,0.000168541
experiment_name,58264381-4d7a-485b-aacc-88fbf01bb674,function_execution_time,1773616365.205743,0.000075542
experiment_name,1ef114da-c325-409f-9598-8ca190e059ac,function_execution_time,1773616365.236812,0.000164458
experiment_name,1ef114da-c325-409f-9598-8ca190e059ac,function_execution_time,1773616365.242024,0.000217542
experiment_name,5b5324a0-0bec-4da9-86de-e856e02d4cf2,function_execution_time,1773616365.23138,0.0000675
experiment_name,91efc6b2-5539-4fd1-8312-12bbf7de0eb0,function_execution_time,1773616365.208262,0.000087458
experiment_name,91efc6b2-5539-4fd1-8312-12bbf7de0eb0,function_execution_time,1773616365.24127,0.000158166
experiment_name,abd6d84b-adf9-447f-a5e6-14da44dbed1e,function_execution_time,1773616365.234156,0.000065417
experiment_name,3c9179fe-a62a-4998-b0ec-e294d51e3d33,function_execution_time,1773616365.208998,0.000151
experiment_name,f0448e52-07d0-4678-b80a-dde2f6f357c8,function_execution_time,1773616365.240981,0.000143208
experiment_name,f0448e52-07d0-4678-b80a-dde2f6f357c8,function_execution_time,1773616365.241124,0.000117083
experiment_name,f0448e52-07d0-4678-b80a-dde2f6f357c8,function_execution_time,1773616365.241236,0.0001275
experiment_name,f0448e52-07d0-4678-b80a-dde2f6f357c8,function_execution_time,1773616365.241443,0.000194541
experiment_name,f0448e52-07d0-4678-b80a-dde2f6f357c8,function_execution_time,1773616365.24161,0.000158
experiment_name,f0448e52-07d0-4678-b80a-dde2f6f357c8,function_execution_time,1773616365.241799,0.00017425
experiment_name,f0448e52-07d0-4678-b80a-dde2f6f357c8,function_execution_time,1773616365.241923,0.000132458
experiment_name,f0448e52-07d0-4678-b80a-dde2f6f357c8,function_execution_time,1773616365.242466,0.000118458
experiment_name,f0448e52-07d0-4678-b80a-dde2f6f357c8,function_execution_time,1773616365.243382,0.000147791
experiment_name,f0448e52-07d0-4678-b80a-dde2f6f357c8,function_execution_time,1773616365.243488,0.000071208
experiment_name,f2ae1457-2301-43aa-b3a7-4655487c378d,function_execution_time,1773616365.211588,0.000120083
experiment_name,83da3d3b-4e02-40c8-8e26-c0d5855e2327,function_execution_time,1773616365.222395,0.000156334
experiment_name,732bc7c0-0470-45a9-8547-1a4976399161,function_execution_time,1773616365.239862,0.000228208
experiment_name,732bc7c0-0470-45a9-8547-1a4976399161,function_execution_time,1773616365.241522,0.000297167
experiment_name,995cf200-e476-4195-8429-5da20ec0762c,function_execution_time,1773616365.242728,0.000068458
experiment_name,1fea89d6-3ba0-4cca-89ec-2673c3579244,function_execution_time,1773616365.239785,0.00023775
experiment_name,7d6128ee-c280-40d5-9364-c7101da60d87,function_execution_time,1773616365.210027,0.000157625
experiment_name,697c36cb-3e37-42e2-a1c3-dd8f64f50ac0,function_execution_time,1773616365.235551,0.000074958
experiment_name,5581b1b0-e5fe-415a-8319-ffb2331055a0,function_execution_time,1773616365.243198,0.000217875
experiment_name,102a0892-4a34-43ff-b27f-251e1aefe83a,function_execution_time,1773616365.23467,0.000087833
experiment_name,f3775274-b517-46ef-9331-3b3d768e95a0,function_execution_time,1773616365.242325,0.000066875
experiment_name,f3775274-b517-46ef-9331-3b3d768e95a0,function_execution_time,1773616365.242519,0.000058125
experiment_name,9141e8f5-792b-4e8e-94b8-0dd9b63d6121,function_execution_time,1773616365.199716,0.000119334
experiment_name,9141e8f5-792b-4e8e-94b8-0dd9b63d6121,function_execution_time,1773616365.241139,0.000164625
experiment_name,4d650b5c-476d-4076-814a-9cb0cde8b26d,function_execution_time,1773616365.211357,0.000097334
experiment_name,829f6876-d754-4381-95bf-db1c0a877351,function_stop_time,1773616365.260544,0.000015917
experiment_name,e8300710-3d76-48d7-8fe0-6df5cea48f24,function_stop_time,1773616365.245281,0.000015333
experiment_name,1ef114da-c325-409f-9598-8ca190e059ac,function_stop_time,1773616365.29647,0.000016292
experiment_name,25640bef-0009-48f8-926f-75b65611a200,function_stop_time,1773616365.275619,0.000014709
experiment_name,a749925c-f4db-4467-8f2b-41c2e1a40c74,function_stop_time,1773616365.279677,0.000020291
experiment_name,dbaffda1-6b17-4790-8764-4b7ddeb1260d,function_stop_time,1773616365.289182,0.000015125
experiment_name,1bd5a277-3c4e-4989-a33f-b39fd9d7caab,function_stop_time,1773616365.299331,0.000025167
experiment_name,7f228e27-bfa7-4f59-9e89-a9ecdfb9503a,function_stop_time,1773616365.290477,0.000015416
experiment_name,3145c88a-51e8-486a-9b77-48eb61ca4b5c,function_stop_time,1773616365.27868,0.000016
experiment_name,4d02d5b1-9ab4-46c1-bd6f-6f059b649ec5,function_stop_time,1773616365.264401,0.000015625
experiment_name,9141e8f5-792b-4e8e-94b8-0dd9b63d6121,function_stop_time,1773616365.292452,0.000019916
experiment_name,19ba367b-28b0-459c-a3c6-ebbe100f2fa3,function_stop_time,1773616365.298542,0.00001575
experiment_name,1effb4f2-3e91-4297-b1ca-896f25dbfb46,function_stop_time,1773616365.261755,0.000022459
experiment_name,f4f8362d-b043-46f3-a229-99ba745918de,function_stop_time,1773616365.294685,0.000014709
experiment_name,697c36cb-3e37-42e2-a1c3-dd8f64f50ac0,function_stop_time,1773616365.299757,0.000017
experiment_name,d06c8641-2bde-4c9b-8833-6e85705ce0c9,function_stop_time,1773616365.268984,0.000019875
experiment_name,6469360d-027e-4704-afe3-8a90bb4a0dbf,function_stop_time,1773616365.263179,0.000017916
experiment_name,f0448e52-07d0-4678-b80a-dde2f6f357c8,function_stop_time,1773616365.28219,0.00003775
experiment_name,fe3486ba-6caf-4bc7-bbb3-9588250b5905,function_stop_time,1773616365.255393,0.000018584
experiment_name,b79b572e-75ec-4558-8006-f0e648ca84c1,function_stop_time,1773616365.294204,0.000018
experiment_name,3606537e-5f1c-4522-b836-a5327f773707,function_stop_time,1773616365.29607,0.000019
experiment_name,5b5324a0-0bec-4da9-86de-e856e02d4cf2,function_stop_time,1773616365.297594,0.000017208
experiment_name,995cf200-e476-4195-8429-5da20ec0762c,function_stop_time,1773616365.256707,0.000014541
experiment_name,b2c0e6ad-f9d5-4423-a327-335dd75ceb51,function_stop_time,1773616365.272917,0.000028667
experiment_name,39a4365a-e8e4-4241-a988-b512ced756a6,function_stop_time,1773616365.28056,0.00002025
experiment_name,d1dac76a-3295-41e1-ba2a-01937fb844e9,function_stop_time,1773616365.285598,0.000017917
experiment_name,9a23194d-3e13-45cd-862b-527efff27036,function_stop_time,1773616365.276666,0.000017458
experiment_name,3c9179fe-a62a-4998-b0ec-e294d51e3d33,function_stop_time,1773616365.24973,0.0000165
experiment_name,465f6f01-e383-4a24-8505-ef80ac5f2f92,function_stop_time,1773616365.257949,0.000022917
experiment_name,b8707498-49e8-4e55-b354-0a6f34c6d34e,function_stop_time,1773616365.29725,0.000015083
experiment_name,0864ebe0-d457-4597-a0d2-de7bdc5bbcf7,function_stop_time,1773616365.299544,0.000015208
experiment_name,aa622910-7dc9-4f58-b492-430cf69bbcf1,function_stop_time,1773616365.298824,0.000015209
experiment_name,3c110e60-9bb0-4252-a664-955255d94d86,function_stop_time,1773616365.284659,0.000015792
experiment_name,bdff0354-e2d1-42e0-94fc-7353ef9e2df3,function_stop_time,1773616365.299064,0.000015292
experiment_name,5581b1b0-e5fe-415a-8319-ffb2331055a0,function_stop_time,1773616365.259365,0.000014291
experiment_name,af699109-4c5e-4d83-852b-9fdf73161df3,function_stop_time,1773616365.287637,0.000018458
experiment_name,6f0df40a-3366-4bf6-935f-390f304eb205,function_stop_time,1773616365.243753,0.000014916
experiment_name,7d1dfef0-328d-4620-abfe-5891ef2df290,function_stop_time,1773616365.273901,0.0000195
experiment_name,95cb37ca-125e-4948-b5db-041e9b768991,function_stop_time,1773616365.299939,0.000014542
experiment_name,2e442e73-46a6-49c7-a263-b522bc83a7fa,function_stop_time,1773616365.265682,0.000016
experiment_name,91efc6b2-5539-4fd1-8312-12bbf7de0eb0,function_stop_time,1773616365.2703,0.000028
experiment_name,1fea89d6-3ba0-4cca-89ec-2673c3579244,function_stop_time,1773616365.283875,0.000018916
experiment_name,a4a6ffd5-1077-42c7-8380-2352f9fb6882,function_stop_time,1773616365.266652,0.000042
experiment_name,b7ab0040-c78a-450e-b29e-3c338ebc25ba,function_stop_time,1773616365.251335,0.000013458
experiment_name,58264381-4d7a-485b-aacc-88fbf01bb674,function_stop_time,1773616365.271647,0.000018416
experiment_name,eb5db7ef-1f69-4cd6-8c75-a1914673aea9,function_stop_time,1773616365.277636,0.000024292
experiment_name,6630ec79-33ea-442e-8355-5ada06f2139c,function_stop_time,1773616365.295606,0.000017625
experiment_name,03f0c145-736a-40d8-95c0-4213210cdf4b,function_stop_time,1773616365.288403,0.000017583
experiment_name,42e3c598-f470-41bb-92a6-368b292aa25f,function_stop_time,1773616365.291158,0.000016334
experiment_name,3a4ffa9e-ad2d-4228-be7b-e5f7d4d3bf5d,function_stop_time,1773616365.267603,0.000015583
experiment_name,1326684c-0255-43e2-a30d-357cc1945700,function_stop_time,1773616365.289825,0.000016792
experiment_name,fd65f1bd-f40d-4a23-92b0-e46acc31d7c9,function_stop_time,1773616365.296876,0.00001875
experiment_name,4d650b5c-476d-4076-814a-9cb0cde8b26d,function_stop_time,1773616365.300097,0.000017125
experiment_name,7d6128ee-c280-40d5-9364-c7101da60d87,function_stop_time,1773616365.253865,0.000015291
experiment_name,08c4dcd4-f384-4a8d-998e-ce4721992b71,function_stop_time,1773616365.248185,0.000014792
experiment_name,83da3d3b-4e02-40c8-8e26-c0d5855e2327,function_stop_time,1773616365.297927,0.000014208
experiment_name,102a0892-4a34-43ff-b27f-251e1aefe83a,function_stop_time,1773616365.28126,0.000015084
experiment_name,abd6d84b-adf9-447f-a5e6-14da44dbed1e,function_stop_time,1773616365.27459,0.000016792
experiment_name,8fc1e28d-c6f6-495c-9e61-eb7926fe2880,function_stop_time,1773616365.295156,0.000017042
experiment_name,31e8331b-e420-471b-8b3d-75ab5f193cdb,function_stop_time,1773616365.293135,0.000017125
experiment_name,e403e5be-9ffc-41f9-8f9b-aae63ee410a7,function_stop_time,1773616365.286334,0.000018416
experiment_name,732bc7c0-0470-45a9-8547-1a4976399161,function_stop_time,1773616365.293702,0.000015333
experiment_name,18920233-96f4-40b0-8067-fa1cceceb89b,function_stop_time,1773616365.287045,0.000016292
experiment_name,3ead1b02-67bc-404c-9b74-3f199f11b294,function_stop_time,1773616365.298263,0.000017083
experiment_name,f3775274-b517-46ef-9331-3b3d768e95a0,function_stop_time,1773616365.291887,0.000015792
experiment_name,c87c592a-789c-4458-b9f6-505d3073e02a,function_stop_time,1773616365.236957,0.000024917
experiment_name,f2ae1457-2301-43aa-b3a7-4655487c378d,function_stop_time,1773616365.282899,0.000014459
experiment_name,01f91e59-193b-4a4a-8d02-1500c1836ca9,function_stop_time,1773616365.252418,0.000015917
experiment_name,840217f2-018f-45fb-9540-41a171ba2952,function_stop_time,1773616365.246678,0.000016625
experiment_name,697c36cb-3e37-42e2-a1c3-dd8f64f50ac0,function_transfer_time,1773616365.235467,0.000022
experiment_name,1fea89d6-3ba0-4cca-89ec-2673c3579244,function_transfer_time,1773616365.239582,0.000029
experiment_name,5b5324a0-0bec-4da9-86de-e856e02d4cf2,function_transfer_time,1773616365.231315,0.000014
experiment_name,95cb37ca-125e-4948-b5db-041e9b768991,function_transfer_time,1773616365.220977,0.000053
experiment_name,19ba367b-28b0-459c-a3c6-ebbe100f2fa3,function_transfer_time,1773616365.242308,0.000045
experiment_name,08c4dcd4-f384-4a8d-998e-ce4721992b71,function_transfer_time,1773616365.227273,0.000216
experiment_name,08c4dcd4-f384-4a8d-998e-ce4721992b71,function_transfer_time,1773616365.240591,0.00003
experiment_name,f2ae1457-2301-43aa-b3a7-4655487c378d,function_transfer_time,1773616365.211466,0.000056
experiment_name,eb5db7ef-1f69-4cd6-8c75-a1914673aea9,function_transfer_time,1773616365.218728,0.000057
experiment_name,d1dac76a-3295-41e1-ba2a-01937fb844e9,function_transfer_time,1773616365.242668,0.000024
experiment_name,e403e5be-9ffc-41f9-8f9b-aae63ee410a7,function_transfer_time,1773616365.241605,0.000046
experiment_name,b8707498-49e8-4e55-b354-0a6f34c6d34e,function_transfer_time,1773616365.233631,0.000039
experiment_name,a749925c-f4db-4467-8f2b-41c2e1a40c74,function_transfer_time,1773616365.207326,0.000091
experiment_name,d06c8641-2bde-4c9b-8833-6e85705ce0c9,function_transfer_time,1773616365.200112,0.000084
experiment_name,d06c8641-2bde-4c9b-8833-6e85705ce0c9,function_transfer_time,1773616365.23989,0.000067
experiment_name,1bd5a277-3c4e-4989-a33f-b39fd9d7caab,function_transfer_time,1773616365.219822,0.000068
experiment_name,42e3c598-f470-41bb-92a6-368b292aa25f,function_transfer_time,1773616365.19943,0.000046
experiment_name,abd6d84b-adf9-447f-a5e6-14da44dbed1e,function_transfer_time,1773616365.234081,0.000037
experiment_name,995cf200-e476-4195-8429-5da20ec0762c,function_transfer_time,1773616365.242654,0.000012
experiment_name,e8300710-3d76-48d7-8fe0-6df5cea48f24,function_transfer_time,1773616365.243053,0.000039
experiment_name,e8300710-3d76-48d7-8fe0-6df5cea48f24,function_transfer_time,1773616365.243443,0.000063
experiment_name,3c110e60-9bb0-4252-a664-955255d94d86,function_transfer_time,1773616365.200487,0.000049
experiment_name,3c110e60-9bb0-4252-a664-955255d94d86,function_transfer_time,1773616365.240127,0.000021
experiment_name,4d02d5b1-9ab4-46c1-bd6f-6f059b649ec5,function_transfer_time,1773616365.216888,0.000394
experiment_name,af699109-4c5e-4d83-852b-9fdf73161df3,function_transfer_time,1773616365.232653,0.00005
experiment_name,465f6f01-e383-4a24-8505-ef80ac5f2f92,function_transfer_time,1773616365.216869,0.000301
experiment_name,f0448e52-07d0-4678-b80a-dde2f6f357c8,function_transfer_time,1773616365.240863,0.041275
experiment_name,f0448e52-07d0-4678-b80a-dde2f6f357c8,function_transfer_time,1773616365.240996,0.032765
experiment_name,f0448e52-07d0-4678-b80a-dde2f6f357c8,function_transfer_time,1773616365.241132,0.031776
experiment_name,f0448e52-07d0-4678-b80a-dde2f6f357c8,function_transfer_time,1773616365.241246,0.015627
experiment_name,f0448e52-07d0-4678-b80a-dde2f6f357c8,function_transfer_time,1773616365.241446,0.008666
experiment_name,f0448e52-07d0-4678-b80a-dde2f6f357c8,function_transfer_time,1773616365.241613,0.004826
experiment_name,f0448e52-07d0-4678-b80a-dde2f6f357c8,function_transfer_time,1773616365.241802,0.004522
experiment_name,f0448e52-07d0-4678-b80a-dde2f6f357c8,function_transfer_time,1773616365.242341,0.000055
experiment_name,f0448e52-07d0-4678-b80a-dde2f6f357c8,function_transfer_time,1773616365.24326,0.000028
experiment_name,f0448e52-07d0-4678-b80a-dde2f6f357c8,function_transfer_time,1773616365.243385,0.00017
experiment_name,7f228e27-bfa7-4f59-9e89-a9ecdfb9503a,function_transfer_time,1773616365.216884,0.000412
experiment_name,7f228e27-bfa7-4f59-9e89-a9ecdfb9503a,function_transfer_time,1773616365.240519,0.000039
experiment_name,6f0df40a-3366-4bf6-935f-390f304eb205,function_transfer_time,1773616365.235929,0.000058
experiment_name,102a0892-4a34-43ff-b27f-251e1aefe83a,function_transfer_time,1773616365.234555,0.000042
experiment_name,0864ebe0-d457-4597-a0d2-de7bdc5bbcf7,function_transfer_time,1773616365.232693,0.000047
experiment_name,0864ebe0-d457-4597-a0d2-de7bdc5bbcf7,function_transfer_time,1773616365.241602,0.000031
experiment_name,fd65f1bd-f40d-4a23-92b0-e46acc31d7c9,function_transfer_time,1773616365.22981,0.000042
experiment_name,01f91e59-193b-4a4a-8d02-1500c1836ca9,function_transfer_time,1773616365.229864,0.000054
experiment_name,f4f8362d-b043-46f3-a229-99ba745918de,function_transfer_time,1773616365.208007,0.000054
experiment_name,f4f8362d-b043-46f3-a229-99ba745918de,function_transfer_time,1773616365.240322,0.000028
experiment_name,1ef114da-c325-409f-9598-8ca190e059ac,function_transfer_time,1773616365.236677,0.000059
experiment_name,1ef114da-c325-409f-9598-8ca190e059ac,function_transfer_time,1773616365.241807,0.000071
experiment_name,3145c88a-51e8-486a-9b77-48eb61ca4b5c,function_transfer_time,1773616365.224388,0.000042
experiment_name,9a23194d-3e13-45cd-862b-527efff27036,function_transfer_time,1773616365.238982,0.000032
experiment_name,2e442e73-46a6-49c7-a263-b522bc83a7fa,function_transfer_time,1773616365.237748,0.000024
experiment_name,1326684c-0255-43e2-a30d-357cc1945700,function_transfer_time,1773616365.236661,0.000044
experiment_name,6630ec79-33ea-442e-8355-5ada06f2139c,function_transfer_time,1773616365.238492,0.00002
experiment_name,6630ec79-33ea-442e-8355-5ada06f2139c,function_transfer_time,1773616365.241041,0.000083
experiment_name,f3775274-b517-46ef-9331-3b3d768e95a0,function_transfer_time,1773616365.242242,0.000012
experiment_name,f3775274-b517-46ef-9331-3b3d768e95a0,function_transfer_time,1773616365.242463,0.000018
experiment_name,4d650b5c-476d-4076-814a-9cb0cde8b26d,function_transfer_time,1773616365.211254,0.000281
experiment_name,9141e8f5-792b-4e8e-94b8-0dd9b63d6121,function_transfer_time,1773616365.199527,0.000187
experiment_name,9141e8f5-792b-4e8e-94b8-0dd9b63d6121,function_transfer_time,1773616365.240969,0.00003
experiment_name,3606537e-5f1c-4522-b836-a5327f773707,function_transfer_time,1773616365.24321,0.000026
experiment_name,3606537e-5f1c-4522-b836-a5327f773707,function_transfer_time,1773616365.243671,0.000038
experiment_name,b7ab0040-c78a-450e-b29e-3c338ebc25ba,function_transfer_time,1773616365.238335,0.000032
experiment_name,7d6128ee-c280-40d5-9364-c7101da60d87,function_transfer_time,1773616365.2099,0.000031
experiment_name,31e8331b-e420-471b-8b3d-75ab5f193cdb,function_transfer_time,1773616365.227926,0.000033
experiment_name,829f6876-d754-4381-95bf-db1c0a877351,function_transfer_time,1773616365.240097,0.000019
experiment_name,b79b572e-75ec-4558-8006-f0e648ca84c1,function_transfer_time,1773616365.237207,0.000015
experiment_name,b79b572e-75ec-4558-8006-f0e648ca84c1,function_transfer_time,1773616365.241914,0.000021
experiment_name,5581b1b0-e5fe-415a-8319-ffb2331055a0,function_transfer_time,1773616365.242992,0.00005
experiment_name,18920233-96f4-40b0-8067-fa1cceceb89b,function_transfer_time,1773616365.238138,0.00004
experiment_name,39a4365a-e8e4-4241-a988-b512ced756a6,function_transfer_time,1773616365.237808,0.000019
experiment_name,1effb4f2-3e91-4297-b1ca-896f25dbfb46,function_transfer_time,1773616365.209234,0.000044
experiment_name,1effb4f2-3e91-4297-b1ca-896f25dbfb46,function_transfer_time,1773616365.241279,0.000095
experiment_name,83da3d3b-4e02-40c8-8e26-c0d5855e2327,function_transfer_time,1773616365.222221,0.000048
experiment_name,840217f2-018f-45fb-9540-41a171ba2952,function_transfer_time,1773616365.230802,0.000025
experiment_name,58264381-4d7a-485b-aacc-88fbf01bb674,function_transfer_time,1773616365.20567,0.000021
experiment_name,fe3486ba-6caf-4bc7-bbb3-9588250b5905,function_transfer_time,1773616365.238322,0.000034
experiment_name,fe3486ba-6caf-4bc7-bbb3-9588250b5905,function_transfer_time,1773616365.240832,0.000014
experiment_name,03f0c145-736a-40d8-95c0-4213210cdf4b,function_transfer_time,1773616365.211418,0.000189
experiment_name,7d1dfef0-328d-4620-abfe-5891ef2df290,function_transfer_time,1773616365.238771,0.031489
experiment_name,8fc1e28d-c6f6-495c-9e61-eb7926fe2880,function_transfer_time,1773616365.204514,0.000033
experiment_name,732bc7c0-0470-45a9-8547-1a4976399161,function_transfer_time,1773616365.23963,0.000073
experiment_name,732bc7c0-0470-45a9-8547-1a4976399161,function_transfer_time,1773616365.241221,0.000121
experiment_name,3ead1b02-67bc-404c-9b74-3f199f11b294,function_transfer_time,1773616365.204615,0.000057
experiment_name,3c9179fe-a62a-4998-b0ec-e294d51e3d33,function_transfer_time,1773616365.208825,0.000035
experiment_name,6469360d-027e-4704-afe3-8a90bb4a0dbf,function_transfer_time,1773616365.235924,0.000018
experiment_name,91efc6b2-5539-4fd1-8312-12bbf7de0eb0,function_transfer_time,1773616365.208174,0.000023
experiment_name,91efc6b2-5539-4fd1-8312-12bbf7de0eb0,function_transfer_time,1773616365.241117,0.000045
experiment_name,bdff0354-e2d1-42e0-94fc-7353ef9e2df3,function_transfer_time,1773616365.223092,0.000042
experiment_name,dbaffda1-6b17-4790-8764-4b7ddeb1260d,function_transfer_time,1773616365.241863,0.000054
experiment_name,25640bef-0009-48f8-926f-75b65611a200,function_transfer_time,1773616365.225554,0.000051
experiment_name,25640bef-0009-48f8-926f-75b65611a200,function_transfer_time,1773616365.24144,0.000065
experiment_name,b2c0e6ad-f9d5-4423-a327-335dd75ceb51,function_transfer_time,1773616365.243193,0.000012
experiment_name,b2c0e6ad-f9d5-4423-a327-335dd75ceb51,function_transfer_time,1773616365.243496,0.000048
experiment_name,a4a6ffd5-1077-42c7-8380-2352f9fb6882,function_transfer_time,1773616365.239775,0.039612
experiment_name,a4a6ffd5-1077-42c7-8380-2352f9fb6882,function_transfer_time,1773616365.240007,0.039566
experiment_name,a4a6ffd5-1077-42c7-8380-2352f9fb6882,function_transfer_time,1773616365.240143,0.035646
experiment_name,a4a6ffd5-1077-42c7-8380-2352f9fb6882,function_transfer_time,1773616365.240254,0.032047
experiment_name,a4a6ffd5-1077-42c7-8380-2352f9fb6882,function_transfer_time,1773616365.240374,0.023525
experiment_name,a4a6ffd5-1077-42c7-8380-2352f9fb6882,function_transfer_time,1773616365.240525,0.013131
experiment_name,a4a6ffd5-1077-42c7-8380-2352f9fb6882,function_transfer_time,1773616365.240734,0.002378
experiment_name,a4a6ffd5-1077-42c7-8380-2352f9fb6882,function_transfer_time,1773616365.240887,0.002332
experiment_name,a4a6ffd5-1077-42c7-8380-2352f9fb6882,function_transfer_time,1773616365.241011,0.001207
experiment_name,a4a6ffd5-1077-42c7-8380-2352f9fb6882,function_transfer_time,1773616365.243481,0.000159
experiment_name,aa622910-7dc9-4f58-b492-430cf69bbcf1,function_transfer_time,1773616365.237332,0.000023
experiment_name,3a4ffa9e-ad2d-4228-be7b-e5f7d4d3bf5d,function_transfer_time,1773616365.204362,0.000109
experiment_name,3a4ffa9e-ad2d-4228-be7b-e5f7d4d3bf5d,function_transfer_time,1773616365.240214,0.00003
experiment_name,c96af99e-e7d9-45f0-986b-87ad78dcaa00,function_instantiate_time,1773616369.590399,4.215813708
experiment_name,2b109b4c-ac67-40ff-b685-eb4d44355833,function_instantiate_time,1773616369.58275,4.207098583
experiment_name,6437e2bf-5397-476c-9128-30cb129e0038,function_instantiate_time,1773616369.582048,4.206696833
experiment_name,7289be0f-060d-4554-b7b6-f54b7e0961bf,function_instantiate_time,1773616369.615873,4.24295975
experiment_name,c489f4be-5a19-4100-99fc-a55d8dad3667,function_instantiate_time,1773616369.592589,4.217975291
experiment_name,b4fee326-07f9-46cf-97a4-174a4143b600,function_instantiate_time,1773616369.585187,4.210051334
experiment_name,4df51702-8dd8-4d31-9e50-57a8e7767243,function_instantiate_time,1773616369.60732,4.2345616249999996
experiment_name,2a60cf82-4696-4aef-a544-5672e6e27138,function_instantiate_time,1773616369.61775,4.24610725
experiment_name,a057c0d0-7aa2-4636-a9ed-087dccf98a70,function_instantiate_time,1773616369.614074,4.2411745
experiment_name,c39a9132-4377-4105-87a2-e23118edb44a,function_instantiate_time,1773616369.590211,4.215643208
experiment_name,d11e0dcd-1c48-4914-bc7a-fc404965eb0f,function_instantiate_time,1773616369.591197,4.216556167
experiment_name,d0c6d963-1370-4583-88ab-566ca779258c,function_instantiate_time,1773616369.579691,4.203754375
experiment_name,23d98940-70a4-4788-9e73-42c5d9c783cf,function_instantiate_time,1773616369.60761,4.233733958
experiment_name,12a80d41-1886-4955-9c3a-0ff39a02f80a,function_instantiate_time,1773616369.587345,4.212343292
experiment_name,3b7281ad-1ad0-4c4c-b500-ba2fa0f8d27b,function_instantiate_time,1773616369.582907,4.207697959
experiment_name,effd7daf-d844-4431-ba02-2a2ccdc59a00,function_instantiate_time,1773616369.604961,4.23149975
experiment_name,b69ea189-ef8e-437f-9c8b-4e33b284c039,function_instantiate_time,1773616369.60022,4.226000708
experiment_name,eb21486c-dee6-4262-acba-afb8fffeaa4d,function_instantiate_time,1773616369.59586,4.22166475
experiment_name,98fc0ffc-9a8f-4afa-b997-b0cf4ec4b70b,function_instantiate_time,1773616369.608916,4.235297833
experiment_name,cba0fdc0-23ef-457b-a31e-3bd5a01eb94b,function_instantiate_time,1773616369.597118,4.222965334
experiment_name,9d694fb5-fe51-4a66-ab90-7cf556761cf9,function_instantiate_time,1773616369.611434,4.238223291
experiment_name,68070bfb-0499-452f-87a3-0de4aee67c28,function_instantiate_time,1773616369.617432,4.245085792
experiment_name,c2128628-d443-4d07-a456-a9451783d8df,function_instantiate_time,1773616369.61651,4.24435475
experiment_name,d7a53bb7-3c6b-4be8-b8c6-e8b0c955dcc8,function_instantiate_time,1773616369.582914,4.207539375
experiment_name,f4d82139-cdb2-4853-aaef-01143d79d0c4,function_instantiate_time,1773616369.612777,4.239133459
experiment_name,3f84bfe7-ce16-49cc-9ee9-df1558f41c88,function_instantiate_time,1773616369.580026,4.204130417
experiment_name,7a488f84-4f1e-42e6-a6c1-1f5d2b3ea334,function_instantiate_time,1773616369.57971,4.20393225
experiment_name,b7730086-76f5-4a44-afb1-688139e7d576,function_instantiate_time,1773616369.598534,4.224513625
experiment_name,41cd8cb4-4912-4d6c-80f4-cf96bbcddae0,function_instantiate_time,1773616369.615475,4.243029583
experiment_name,6437e2bf-5397-476c-9128-30cb129e0038,function_init_time,1773616369.582108,0.000066084
experiment_name,d7a53bb7-3c6b-4be8-b8c6-e8b0c955dcc8,function_init_time,1773616369.582996,0.000062167
experiment_name,7289be0f-060d-4554-b7b6-f54b7e0961bf,function_init_time,1773616369.615923,0.00006525
experiment_name,2a60cf82-4696-4aef-a544-5672e6e27138,function_init_time,1773616369.617793,0.000037542
experiment_name,f4d82139-cdb2-4853-aaef-01143d79d0c4,function_init_time,1773616369.612823,0.000045666
experiment_name,3b7281ad-1ad0-4c4c-b500-ba2fa0f8d27b,function_init_time,1773616369.582978,0.000057084
experiment_name,b7730086-76f5-4a44-afb1-688139e7d576,function_init_time,1773616369.598593,0.000091042
experiment_name,a057c0d0-7aa2-4636-a9ed-087dccf98a70,function_init_time,1773616369.614096,0.000037458
experiment_name,41cd8cb4-4912-4d6c-80f4-cf96bbcddae0,function_init_time,1773616369.615516,0.000036792
experiment_name,effd7daf-d844-4431-ba02-2a2ccdc59a00,function_init_time,1773616369.604978,0.000049667
experiment_name,4df51702-8dd8-4d31-9e50-57a8e7767243,function_init_time,1773616369.607463,0.000100458
experiment_name,c2128628-d443-4d07-a456-a9451783d8df,function_init_time,1773616369.61656,0.000056583
experiment_name,c39a9132-4377-4105-87a2-e23118edb44a,function_init_time,1773616369.590217,0.000043875
experiment_name,c489f4be-5a19-4100-99fc-a55d8dad3667,function_init_time,1773616369.592675,0.000094291
experiment_name,23d98940-70a4-4788-9e73-42c5d9c783cf,function_init_time,1773616369.607686,0.00008375
experiment_name,98fc0ffc-9a8f-4afa-b997-b0cf4ec4b70b,function_init_time,1773616369.608973,0.000042084
experiment_name,7a488f84-4f1e-42e6-a6c1-1f5d2b3ea334,function_init_time,1773616369.579816,0.000107458
experiment_name,eb21486c-dee6-4262-acba-afb8fffeaa4d,function_init_time,1773616369.595914,0.000039209
experiment_name,3f84bfe7-ce16-49cc-9ee9-df1558f41c88,function_init_time,1773616369.58008,0.000052
experiment_name,c96af99e-e7d9-45f0-986b-87ad78dcaa00,function_init_time,1773616369.590406,0.000066
experiment_name,2b109b4c-ac67-40ff-b685-eb4d44355833,function_init_time,1773616369.582755,0.000040709
experiment_name,cba0fdc0-23ef-457b-a31e-3bd5a01eb94b,function_init_time,1773616369.597212,0.000100875
experiment_name,12a80d41-1886-4955-9c3a-0ff39a02f80a,function_init_time,1773616369.58744,0.00010325
experiment_name,9d694fb5-fe51-4a66-ab90-7cf556761cf9,function_init_time,1773616369.611468,0.000044541
experiment_name,d0c6d963-1370-4583-88ab-566ca779258c,function_init_time,1773616369.579736,0.000075375
experiment_name,d11e0dcd-1c48-4914-bc7a-fc404965eb0f,function_init_time,1773616369.591283,0.000093875
experiment_name,68070bfb-0499-452f-87a3-0de4aee67c28,function_init_time,1773616369.617497,0.000045709
experiment_name,b69ea189-ef8e-437f-9c8b-4e33b284c039,function_init_time,1773616369.600326,0.000097417
experiment_name,b4fee326-07f9-46cf-97a4-174a4143b600,function_init_time,1773616369.585205,0.000034125
experiment_name,b69ea189-ef8e-437f-9c8b-4e33b284c039,function_execution_time,1773616369.600483,0.000104875
experiment_name,b69ea189-ef8e-437f-9c8b-4e33b284c039,function_execution_time,1773616369.618618,0.000079584
experiment_name,d0c6d963-1370-4583-88ab-566ca779258c,function_execution_time,1773616369.579862,0.000097417
experiment_name,3f84bfe7-ce16-49cc-9ee9-df1558f41c88,function_execution_time,1773616369.580197,0.000084459
experiment_name,3f84bfe7-ce16-49cc-9ee9-df1558f41c88,function_execution_time,1773616369.618112,0.000116791
experiment_name,23d98940-70a4-4788-9e73-42c5d9c783cf,function_execution_time,1773616369.607849,0.000129334
experiment_name,23d98940-70a4-4788-9e73-42c5d9c783cf,function_execution_time,1773616369.608078,0.000079625
experiment_name,2a60cf82-4696-4aef-a544-5672e6e27138,function_execution_time,1773616369.617915,0.00007775
experiment_name,2a60cf82-4696-4aef-a544-5672e6e27138,function_execution_time,1773616369.618018,0.000100667
experiment_name,2a60cf82-4696-4aef-a544-5672e6e27138,function_execution_time,1773616369.618067,0.000089959
experiment_name,2a60cf82-4696-4aef-a544-5672e6e27138,function_execution_time,1773616369.618202,0.000121792
experiment_name,2a60cf82-4696-4aef-a544-5672e6e27138,function_execution_time,1773616369.618372,0.000141875
experiment_name,2a60cf82-4696-4aef-a544-5672e6e27138,function_execution_time,1773616369.618457,0.000087666
experiment_name,2a60cf82-4696-4aef-a544-5672e6e27138,function_execution_time,1773616369.618551,0.000089166
experiment_name,2a60cf82-4696-4aef-a544-5672e6e27138,function_execution_time,1773616369.618627,0.000093
experiment_name,2a60cf82-4696-4aef-a544-5672e6e27138,function_execution_time,1773616369.618733,0.000092625
experiment_name,2a60cf82-4696-4aef-a544-5672e6e27138,function_execution_time,1773616369.618939,0.000187625
experiment_name,6437e2bf-5397-476c-9128-30cb129e0038,function_execution_time,1773616369.585668,0.000166333
experiment_name,41cd8cb4-4912-4d6c-80f4-cf96bbcddae0,function_execution_time,1773616369.615619,0.000080417
experiment_name,41cd8cb4-4912-4d6c-80f4-cf96bbcddae0,function_execution_time,1773616369.616004,0.000239541
experiment_name,d7a53bb7-3c6b-4be8-b8c6-e8b0c955dcc8,function_execution_time,1773616369.583214,0.000168417
experiment_name,3b7281ad-1ad0-4c4c-b500-ba2fa0f8d27b,function_execution_time,1773616369.583131,0.000126333
experiment_name,3b7281ad-1ad0-4c4c-b500-ba2fa0f8d27b,function_execution_time,1773616369.618329,0.000148
experiment_name,68070bfb-0499-452f-87a3-0de4aee67c28,function_execution_time,1773616369.617597,0.000072375
experiment_name,2b109b4c-ac67-40ff-b685-eb4d44355833,function_execution_time,1773616369.583103,0.000245875
experiment_name,2b109b4c-ac67-40ff-b685-eb4d44355833,function_execution_time,1773616369.618361,0.000231667
experiment_name,7a488f84-4f1e-42e6-a6c1-1f5d2b3ea334,function_execution_time,1773616369.579903,0.000083875
experiment_name,7a488f84-4f1e-42e6-a6c1-1f5d2b3ea334,function_execution_time,1773616369.618034,0.000110375
experiment_name,c96af99e-e7d9-45f0-986b-87ad78dcaa00,function_execution_time,1773616369.590578,0.000079917
experiment_name,c96af99e-e7d9-45f0-986b-87ad78dcaa00,function_execution_time,1773616369.618435,0.000083875
experiment_name,c39a9132-4377-4105-87a2-e23118edb44a,function_execution_time,1773616369.590463,0.000163125
experiment_name,d11e0dcd-1c48-4914-bc7a-fc404965eb0f,function_execution_time,1773616369.591521,0.000189375
experiment_name,d11e0dcd-1c48-4914-bc7a-fc404965eb0f,function_execution_time,1773616369.596373,0.000182625
experiment_name,4df51702-8dd8-4d31-9e50-57a8e7767243,function_execution_time,1773616369.60757,0.000168
experiment_name,98fc0ffc-9a8f-4afa-b997-b0cf4ec4b70b,function_execution_time,1773616369.609118,0.000104416
experiment_name,98fc0ffc-9a8f-4afa-b997-b0cf4ec4b70b,function_execution_time,1773616369.61881,0.000133084
experiment_name,c2128628-d443-4d07-a456-a9451783d8df,function_execution_time,1773616369.616729,0.000144375
experiment_name,12a80d41-1886-4955-9c3a-0ff39a02f80a,function_execution_time,1773616369.587639,0.000168541
experiment_name,12a80d41-1886-4955-9c3a-0ff39a02f80a,function_execution_time,1773616369.596189,0.000074834
experiment_name,cba0fdc0-23ef-457b-a31e-3bd5a01eb94b,function_execution_time,1773616369.597389,0.000149125
experiment_name,cba0fdc0-23ef-457b-a31e-3bd5a01eb94b,function_execution_time,1773616369.618519,0.00008
experiment_name,c489f4be-5a19-4100-99fc-a55d8dad3667,function_execution_time,1773616369.592867,0.000151
experiment_name,c489f4be-5a19-4100-99fc-a55d8dad3667,function_execution_time,1773616369.596333,0.00012525
experiment_name,b4fee326-07f9-46cf-97a4-174a4143b600,function_execution_time,1773616369.58552,0.000217541
experiment_name,eb21486c-dee6-4262-acba-afb8fffeaa4d,function_execution_time,1773616369.595991,0.000089667
experiment_name,eb21486c-dee6-4262-acba-afb8fffeaa4d,function_execution_time,1773616369.596066,0.000069209
experiment_name,eb21486c-dee6-4262-acba-afb8fffeaa4d,function_execution_time,1773616369.596179,0.000074542
experiment_name,eb21486c-dee6-4262-acba-afb8fffeaa4d,function_execution_time,1773616369.598987,0.000174375
experiment_name,eb21486c-dee6-4262-acba-afb8fffeaa4d,function_execution_time,1773616369.605387,0.000134375
experiment_name,eb21486c-dee6-4262-acba-afb8fffeaa4d,function_execution_time,1773616369.607938,0.000077667
experiment_name,eb21486c-dee6-4262-acba-afb8fffeaa4d,function_execution_time,1773616369.615747,0.000081333
experiment_name,effd7daf-d844-4431-ba02-2a2ccdc59a00,function_execution_time,1773616369.60524,0.000163
experiment_name,effd7daf-d844-4431-ba02-2a2ccdc59a00,function_execution_time,1773616369.605468,0.000057958
experiment_name,9d694fb5-fe51-4a66-ab90-7cf556761cf9,function_execution_time,1773616369.611559,0.000078166
experiment_name,f4d82139-cdb2-4853-aaef-01143d79d0c4,function_execution_time,1773616369.612931,0.000075291
experiment_name,a057c0d0-7aa2-4636-a9ed-087dccf98a70,function_execution_time,1773616369.614178,0.000070166
experiment_name,7289be0f-060d-4554-b7b6-f54b7e0961bf,function_execution_time,1773616369.61604,0.000097083
experiment_name,b7730086-76f5-4a44-afb1-688139e7d576,function_execution_time,1773616369.598771,0.000153584
experiment_name,b7730086-76f5-4a44-afb1-688139e7d576,function_execution_time,1773616369.599069,0.000080291
experiment_name,b4fee326-07f9-46cf-97a4-174a4143b600,function_transfer_time,1773616369.585295,0.000075
experiment_name,cba0fdc0-23ef-457b-a31e-3bd5a01eb94b,function_transfer_time,1773616369.59726,0.00004
experiment_name,cba0fdc0-23ef-457b-a31e-3bd5a01eb94b,function_transfer_time,1773616369.618448,0.000023
experiment_name,6437e2bf-5397-476c-9128-30cb129e0038,function_transfer_time,1773616369.585508,0.000076
experiment_name,c39a9132-4377-4105-87a2-e23118edb44a,function_transfer_time,1773616369.590381,0.000062
experiment_name,7289be0f-060d-4554-b7b6-f54b7e0961bf,function_transfer_time,1773616369.615933,0.000023
experiment_name,4df51702-8dd8-4d31-9e50-57a8e7767243,function_transfer_time,1773616369.607554,0.00004
experiment_name,b7730086-76f5-4a44-afb1-688139e7d576,function_transfer_time,1773616369.598624,0.000035
experiment_name,b7730086-76f5-4a44-afb1-688139e7d576,function_transfer_time,1773616369.598995,0.000073
experiment_name,a057c0d0-7aa2-4636-a9ed-087dccf98a70,function_transfer_time,1773616369.614108,0.000014
experiment_name,a057c0d0-7aa2-4636-a9ed-087dccf98a70,function_transfer_time,1773616369.618894,0.000036
experiment_name,9d694fb5-fe51-4a66-ab90-7cf556761cf9,function_transfer_time,1773616369.611506,0.000026
experiment_name,c2128628-d443-4d07-a456-a9451783d8df,function_transfer_time,1773616369.61662,0.000034
experiment_name,2b109b4c-ac67-40ff-b685-eb4d44355833,function_transfer_time,1773616369.58289,0.000104
experiment_name,2b109b4c-ac67-40ff-b685-eb4d44355833,function_transfer_time,1773616369.618107,0.000064
experiment_name,c489f4be-5a19-4100-99fc-a55d8dad3667,function_transfer_time,1773616369.592718,0.000037
experiment_name,c489f4be-5a19-4100-99fc-a55d8dad3667,function_transfer_time,1773616369.596204,0.000078
experiment_name,7a488f84-4f1e-42e6-a6c1-1f5d2b3ea334,function_transfer_time,1773616369.57984,0.000091
experiment_name,7a488f84-4f1e-42e6-a6c1-1f5d2b3ea334,function_transfer_time,1773616369.617886,0.000026
experiment_name,d7a53bb7-3c6b-4be8-b8c6-e8b0c955dcc8,function_transfer_time,1773616369.583086,0.000071
experiment_name,3f84bfe7-ce16-49cc-9ee9-df1558f41c88,function_transfer_time,1773616369.58011,0.000038
experiment_name,3f84bfe7-ce16-49cc-9ee9-df1558f41c88,function_transfer_time,1773616369.618043,0.000066
experiment_name,b69ea189-ef8e-437f-9c8b-4e33b284c039,function_transfer_time,1773616369.600366,0.000078
experiment_name,b69ea189-ef8e-437f-9c8b-4e33b284c039,function_transfer_time,1773616369.618547,0.00003
experiment_name,3b7281ad-1ad0-4c4c-b500-ba2fa0f8d27b,function_transfer_time,1773616369.583005,0.000044
experiment_name,3b7281ad-1ad0-4c4c-b500-ba2fa0f8d27b,function_transfer_time,1773616369.618168,0.000025
experiment_name,f4d82139-cdb2-4853-aaef-01143d79d0c4,function_transfer_time,1773616369.612839,0.000026
experiment_name,f4d82139-cdb2-4853-aaef-01143d79d0c4,function_transfer_time,1773616369.618725,0.000045
experiment_name,2a60cf82-4696-4aef-a544-5672e6e27138,function_transfer_time,1773616369.617816,0.03792
experiment_name,2a60cf82-4696-4aef-a544-5672e6e27138,function_transfer_time,1773616369.617952,0.037718
experiment_name,2a60cf82-4696-4aef-a544-5672e6e27138,function_transfer_time,1773616369.618028,0.034953
experiment_name,2a60cf82-4696-4aef-a544-5672e6e27138,function_transfer_time,1773616369.618075,0.035024
experiment_name,2a60cf82-4696-4aef-a544-5672e6e27138,function_transfer_time,1773616369.618206,0.027678
experiment_name,2a60cf82-4696-4aef-a544-5672e6e27138,function_transfer_time,1773616369.618382,0.021037
experiment_name,2a60cf82-4696-4aef-a544-5672e6e27138,function_transfer_time,1773616369.618465,0.018031
experiment_name,2a60cf82-4696-4aef-a544-5672e6e27138,function_transfer_time,1773616369.618554,0.009446
experiment_name,2a60cf82-4696-4aef-a544-5672e6e27138,function_transfer_time,1773616369.618636,0.005745
experiment_name,2a60cf82-4696-4aef-a544-5672e6e27138,function_transfer_time,1773616369.618753,0.004588
experiment_name,2a60cf82-4696-4aef-a544-5672e6e27138,function_transfer_time,1773616369.618948,0.002924
experiment_name,41cd8cb4-4912-4d6c-80f4-cf96bbcddae0,function_transfer_time,1773616369.615529,0.000031
experiment_name,41cd8cb4-4912-4d6c-80f4-cf96bbcddae0,function_transfer_time,1773616369.615763,0.00005
experiment_name,d0c6d963-1370-4583-88ab-566ca779258c,function_transfer_time,1773616369.579797,0.000043
experiment_name,c96af99e-e7d9-45f0-986b-87ad78dcaa00,function_transfer_time,1773616369.590479,0.000135
experiment_name,c96af99e-e7d9-45f0-986b-87ad78dcaa00,function_transfer_time,1773616369.618342,0.000028
experiment_name,d11e0dcd-1c48-4914-bc7a-fc404965eb0f,function_transfer_time,1773616369.591318,0.000041
experiment_name,d11e0dcd-1c48-4914-bc7a-fc404965eb0f,function_transfer_time,1773616369.596197,0.000137
experiment_name,eb21486c-dee6-4262-acba-afb8fffeaa4d,function_transfer_time,1773616369.595939,0.008326
experiment_name,eb21486c-dee6-4262-acba-afb8fffeaa4d,function_transfer_time,1773616369.596007,0.004556
experiment_name,eb21486c-dee6-4262-acba-afb8fffeaa4d,function_transfer_time,1773616369.596074,0.00327
experiment_name,eb21486c-dee6-4262-acba-afb8fffeaa4d,function_transfer_time,1773616369.598786,0.000075
experiment_name,eb21486c-dee6-4262-acba-afb8fffeaa4d,function_transfer_time,1773616369.60526,0.000044
experiment_name,eb21486c-dee6-4262-acba-afb8fffeaa4d,function_transfer_time,1773616369.607867,0.000048
experiment_name,eb21486c-dee6-4262-acba-afb8fffeaa4d,function_transfer_time,1773616369.61565,0.000051
experiment_name,effd7daf-d844-4431-ba02-2a2ccdc59a00,function_transfer_time,1773616369.605071,0.000081
experiment_name,effd7daf-d844-4431-ba02-2a2ccdc59a00,function_transfer_time,1773616369.605397,0.000043
experiment_name,98fc0ffc-9a8f-4afa-b997-b0cf4ec4b70b,function_transfer_time,1773616369.609026,0.00006
experiment_name,98fc0ffc-9a8f-4afa-b997-b0cf4ec4b70b,function_transfer_time,1773616369.618658,0.000064
experiment_name,12a80d41-1886-4955-9c3a-0ff39a02f80a,function_transfer_time,1773616369.587478,0.000043
experiment_name,12a80d41-1886-4955-9c3a-0ff39a02f80a,function_transfer_time,1773616369.596081,0.000138
experiment_name,68070bfb-0499-452f-87a3-0de4aee67c28,function_transfer_time,1773616369.617514,0.00004
experiment_name,23d98940-70a4-4788-9e73-42c5d9c783cf,function_transfer_time,1773616369.607705,0.000033
experiment_name,23d98940-70a4-4788-9e73-42c5d9c783cf,function_transfer_time,1773616369.60799,0.000061
experiment_name,776c1e51-1bfd-493c-84b2-f46adea896a5,function_instantiate_time,1773616369.63106,4.329904792
experiment_name,90fba639-4b6a-414c-9a52-faa0d40b5582,function_instantiate_time,1773616369.632823,4.332383167
experiment_name,ed1ceec2-dabb-4d94-9f0d-d2242de0cf36,function_instantiate_time,1773616369.630307,4.318314292
experiment_name,c3baa5fd-4d18-4812-9101-3c3dfe0d10a3,function_instantiate_time,1773616369.628086,4.260709584
experiment_name,35a301dc-3376-4d82-a032-fd0a18e875ad,function_instantiate_time,1773616369.632015,4.331369042
experiment_name,a4872ab2-6e99-44cc-ad40-cc4ab835e24f,function_instantiate_time,1773616369.630885,4.325583584
experiment_name,560c7703-be29-420c-9c5d-7a85627cf26a,function_instantiate_time,1773616369.623683,4.25224725
experiment_name,1e7a1940-2858-46c7-84ce-7ee74723fbce,function_instantiate_time,1773616369.631613,4.331093125
experiment_name,fc1f09e8-283d-4869-a6e3-52902122c849,function_instantiate_time,1773616369.622835,4.251132459
experiment_name,90dd6014-537b-426b-bad1-e84087fb59a9,function_instantiate_time,1773616369.630318,4.295879583
experiment_name,78946833-6cbd-4ddc-8cd7-42ad194a7ec4,function_instantiate_time,1773616369.633088,4.332742458
experiment_name,cc1ef16a-dea7-4bf4-bbf7-a8a96f5e376d,function_instantiate_time,1773616369.62952,4.305562666
experiment_name,f188c7fd-e475-4ff0-b831-4dccd3ccb87c,function_instantiate_time,1773616369.625968,4.255270417
experiment_name,8f375b3d-43dd-4bac-a784-74dde3bb942b,function_instantiate_time,1773616369.626251,4.255422084
experiment_name,fc96a190-305f-4625-9fb9-0b9fa7d6d25d,function_instantiate_time,1773616369.631419,4.3303794159999995
experiment_name,7d9c35dd-5bf8-4896-9a4d-01c2e5c37473,function_instantiate_time,1773616369.633297,4.332888667
experiment_name,bec17ce4-3db2-4ab6-a8bd-ac67c4377801,function_instantiate_time,1773616369.622831,4.250847958
experiment_name,31565ca1-67f1-48ec-837a-6767c169ff91,function_instantiate_time,1773616369.62938,4.328617625
experiment_name,12725436-6209-457c-8048-7abe85f51878,function_instantiate_time,1773616369.62998,4.30710175
experiment_name,aa2f35dc-883a-486a-a7d6-ecf704d20db8,function_instantiate_time,1773616369.625056,4.254047125
experiment_name,ec1b27b0-8ffb-4bf8-8e15-f99ef70a25b6,function_instantiate_time,1773616370.590464,0.887852958
experiment_name,35c7dd0c-f5e3-4dbb-b4d6-b2df2df4984f,function_instantiate_time,1773616369.628205,4.281854042
experiment_name,805b4993-70b7-4241-9d84-e59008dde5c5,function_instantiate_time,1773616369.6288,4.283810625
experiment_name,8dcb8f9e-adc8-4cb5-9fa1-c604c6a00a0f,function_instantiate_time,1773616369.62415,4.279780542
experiment_name,31103827-41dc-4766-a269-d639672d7f02,function_instantiate_time,1773616369.62344,4.253612458
experiment_name,7445051b-7bf7-472d-93ff-e1f6eb02126c,function_instantiate_time,1773616369.626574,4.256573917
experiment_name,c1026239-1d51-4f01-bc3f-f7024e0b649d,function_instantiate_time,1773616369.624878,4.25361975
experiment_name,f2279a53-1ead-4d0e-89c7-ddabfb419115,function_instantiate_time,1773616369.624475,4.252518792
experiment_name,5b956371-bd1d-424a-b444-42af37a3e81f,function_instantiate_time,1773616369.62583,4.255007583
experiment_name,3276fe39-af48-4f7d-8e51-7bd85b4a257b,function_instantiate_time,1773616369.62899,4.294240833
experiment_name,051680cb-d818-476b-9abb-202c2c85130d,function_instantiate_time,1773616369.629066,4.285816791
experiment_name,145983cf-af9b-40eb-954c-de2058cdbd11,function_instantiate_time,1773616369.632588,4.332190625
experiment_name,cfbfe214-0b7e-4812-849f-5f987250a271,function_instantiate_time,1773616369.627429,4.257385333
experiment_name,65a6afd2-2b2f-4ca0-9957-d1239ac06597,function_instantiate_time,1773616369.627198,4.257488625
experiment_name,70189e71-6249-4525-bec8-ad4e782513a0,function_instantiate_time,1773616369.631895,4.331058375
experiment_name,83833a16-41a9-400b-a03e-7962b0f18bb5,function_instantiate_time,1773616369.627201,4.256863875
experiment_name,f1a3c04c-1f2e-44ae-8b11-edf879d5ee10,function_instantiate_time,1773616369.632917,4.332390833
experiment_name,98b120b4-c708-43ed-8207-c2dafffaa49b,function_instantiate_time,1773616369.623199,4.2522195
experiment_name,036a39c1-c505-4880-800c-5f7de31c1ce4,function_instantiate_time,1773616369.62713,4.25674725
experiment_name,942cac1d-825d-4000-b266-6e7bae6240f4,function_instantiate_time,1773616369.632009,4.330931917
experiment_name,5bf107d0-ff05-4cdc-98eb-caa9674def39,function_instantiate_time,1773616369.628145,4.27221225
experiment_name,12725436-6209-457c-8048-7abe85f51878,function_init_time,1773616369.630056,0.000152417
experiment_name,31565ca1-67f1-48ec-837a-6767c169ff91,function_init_time,1773616369.629438,0.000045959
experiment_name,805b4993-70b7-4241-9d84-e59008dde5c5,function_init_time,1773616369.628834,0.00003525
experiment_name,ec1b27b0-8ffb-4bf8-8e15-f99ef70a25b6,function_init_time,1773616370.590482,0.000111625
experiment_name,8dcb8f9e-adc8-4cb5-9fa1-c604c6a00a0f,function_init_time,1773616369.624173,0.000021
experiment_name,c3baa5fd-4d18-4812-9101-3c3dfe0d10a3,function_init_time,1773616369.628131,0.000048625
experiment_name,90dd6014-537b-426b-bad1-e84087fb59a9,function_init_time,1773616369.630377,0.000051791
experiment_name,c1026239-1d51-4f01-bc3f-f7024e0b649d,function_init_time,1773616369.624909,0.000033541
experiment_name,ed1ceec2-dabb-4d94-9f0d-d2242de0cf36,function_init_time,1773616369.630367,0.000047584
experiment_name,a4872ab2-6e99-44cc-ad40-cc4ab835e24f,function_init_time,1773616369.630957,0.000095875
experiment_name,145983cf-af9b-40eb-954c-de2058cdbd11,function_init_time,1773616369.632653,0.000061334
experiment_name,5b956371-bd1d-424a-b444-42af37a3e81f,function_init_time,1773616369.625863,0.000033792
experiment_name,1e7a1940-2858-46c7-84ce-7ee74723fbce,function_init_time,1773616369.631903,0.000238375
experiment_name,cc1ef16a-dea7-4bf4-bbf7-a8a96f5e376d,function_init_time,1773616369.629593,0.000061542
experiment_name,776c1e51-1bfd-493c-84b2-f46adea896a5,function_init_time,1773616369.631169,0.000119708
experiment_name,83833a16-41a9-400b-a03e-7962b0f18bb5,function_init_time,1773616369.627279,0.000089375
experiment_name,31103827-41dc-4766-a269-d639672d7f02,function_init_time,1773616369.623486,0.000043916
experiment_name,036a39c1-c505-4880-800c-5f7de31c1ce4,function_init_time,1773616369.627183,0.00006875
experiment_name,35a301dc-3376-4d82-a032-fd0a18e875ad,function_init_time,1773616369.632318,0.000335167
experiment_name,cfbfe214-0b7e-4812-849f-5f987250a271,function_init_time,1773616369.627508,0.000055125
experiment_name,bec17ce4-3db2-4ab6-a8bd-ac67c4377801,function_init_time,1773616369.622897,0.000058959
experiment_name,35c7dd0c-f5e3-4dbb-b4d6-b2df2df4984f,function_init_time,1773616369.628289,0.000068542
experiment_name,7445051b-7bf7-472d-93ff-e1f6eb02126c,function_init_time,1773616369.626608,0.000032042
experiment_name,5bf107d0-ff05-4cdc-98eb-caa9674def39,function_init_time,1773616369.628196,0.000058208
experiment_name,8f375b3d-43dd-4bac-a784-74dde3bb942b,function_init_time,1773616369.626294,0.000050583
experiment_name,65a6afd2-2b2f-4ca0-9957-d1239ac06597,function_init_time,1773616369.627236,0.000050416
experiment_name,051680cb-d818-476b-9abb-202c2c85130d,function_init_time,1773616369.629151,0.000079625
experiment_name,90fba639-4b6a-414c-9a52-faa0d40b5582,function_init_time,1773616369.632835,0.000071834
experiment_name,f2279a53-1ead-4d0e-89c7-ddabfb419115,function_init_time,1773616369.624503,0.000032167
experiment_name,aa2f35dc-883a-486a-a7d6-ecf704d20db8,function_init_time,1773616369.625101,0.000045
experiment_name,7d9c35dd-5bf8-4896-9a4d-01c2e5c37473,function_init_time,1773616369.633399,0.000179333
experiment_name,fc1f09e8-283d-4869-a6e3-52902122c849,function_init_time,1773616369.622912,0.000065583
experiment_name,942cac1d-825d-4000-b266-6e7bae6240f4,function_init_time,1773616369.632227,0.000256041
experiment_name,98b120b4-c708-43ed-8207-c2dafffaa49b,function_init_time,1773616369.623223,0.000031375
experiment_name,560c7703-be29-420c-9c5d-7a85627cf26a,function_init_time,1773616369.623716,0.000033834
experiment_name,78946833-6cbd-4ddc-8cd7-42ad194a7ec4,function_init_time,1773616369.633243,0.0001705
experiment_name,3276fe39-af48-4f7d-8e51-7bd85b4a257b,function_init_time,1773616369.629051,0.000068208
experiment_name,fc96a190-305f-4625-9fb9-0b9fa7d6d25d,function_init_time,1773616369.631577,0.000165917
experiment_name,f1a3c04c-1f2e-44ae-8b11-edf879d5ee10,function_init_time,1773616369.633074,0.000104333
experiment_name,70189e71-6249-4525-bec8-ad4e782513a0,function_init_time,1773616369.63195,0.00013675
experiment_name,f188c7fd-e475-4ff0-b831-4dccd3ccb87c,function_init_time,1773616369.626003,0.000042791
experiment_name,78946833-6cbd-4ddc-8cd7-42ad194a7ec4,function_execution_time,1773616369.633572,0.000305167
experiment_name,78946833-6cbd-4ddc-8cd7-42ad194a7ec4,function_execution_time,1773616369.63404,0.000097834
experiment_name,aa2f35dc-883a-486a-a7d6-ecf704d20db8,function_execution_time,1773616369.625199,0.000085958
experiment_name,aa2f35dc-883a-486a-a7d6-ecf704d20db8,function_execution_time,1773616369.625306,0.000053625
experiment_name,ec1b27b0-8ffb-4bf8-8e15-f99ef70a25b6,function_execution_time,1773616370.592799,0.00021075
experiment_name,a4872ab2-6e99-44cc-ad40-cc4ab835e24f,function_execution_time,1773616369.63127,0.000211333
experiment_name,a4872ab2-6e99-44cc-ad40-cc4ab835e24f,function_execution_time,1773616369.631933,0.000341791
experiment_name,d0c6d963-1370-4583-88ab-566ca779258c,function_execution_time,1773616369.630047,0.000470667
experiment_name,cc1ef16a-dea7-4bf4-bbf7-a8a96f5e376d,function_execution_time,1773616369.629754,0.000161167
experiment_name,cc1ef16a-dea7-4bf4-bbf7-a8a96f5e376d,function_execution_time,1773616369.630146,0.000109375
experiment_name,35a301dc-3376-4d82-a032-fd0a18e875ad,function_execution_time,1773616369.632542,0.000218792
experiment_name,35a301dc-3376-4d82-a032-fd0a18e875ad,function_execution_time,1773616369.633351,0.000519292
experiment_name,c2128628-d443-4d07-a456-a9451783d8df,function_execution_time,1773616369.622048,0.000084833
experiment_name,1e7a1940-2858-46c7-84ce-7ee74723fbce,function_execution_time,1773616369.632591,0.000634458
experiment_name,1e7a1940-2858-46c7-84ce-7ee74723fbce,function_execution_time,1773616369.633342,0.000304208
experiment_name,145983cf-af9b-40eb-954c-de2058cdbd11,function_execution_time,1773616369.633425,0.00055475
experiment_name,145983cf-af9b-40eb-954c-de2058cdbd11,function_execution_time,1773616369.633819,0.000077709
experiment_name,8f375b3d-43dd-4bac-a784-74dde3bb942b,function_execution_time,1773616369.626428,0.000103208
experiment_name,8f375b3d-43dd-4bac-a784-74dde3bb942b,function_execution_time,1773616369.626544,0.000068125
experiment_name,5bf107d0-ff05-4cdc-98eb-caa9674def39,function_execution_time,1773616369.628307,0.000081083
experiment_name,5bf107d0-ff05-4cdc-98eb-caa9674def39,function_execution_time,1773616369.628499,0.000078542
experiment_name,051680cb-d818-476b-9abb-202c2c85130d,function_execution_time,1773616369.629329,0.000137583
experiment_name,051680cb-d818-476b-9abb-202c2c85130d,function_execution_time,1773616369.62978,0.000330917
experiment_name,fc96a190-305f-4625-9fb9-0b9fa7d6d25d,function_execution_time,1773616369.632135,0.00041825
experiment_name,fc96a190-305f-4625-9fb9-0b9fa7d6d25d,function_execution_time,1773616369.632423,0.000187042
experiment_name,7d9c35dd-5bf8-4896-9a4d-01c2e5c37473,function_execution_time,1773616369.633596,0.000179333
experiment_name,7d9c35dd-5bf8-4896-9a4d-01c2e5c37473,function_execution_time,1773616369.634098,0.000057291
experiment_name,68070bfb-0499-452f-87a3-0de4aee67c28,function_execution_time,1773616369.622272,0.0001835
experiment_name,ed1ceec2-dabb-4d94-9f0d-d2242de0cf36,function_execution_time,1773616369.630611,0.0002015
experiment_name,ed1ceec2-dabb-4d94-9f0d-d2242de0cf36,function_execution_time,1773616369.631062,0.000150042
experiment_name,f2279a53-1ead-4d0e-89c7-ddabfb419115,function_execution_time,1773616369.62457,0.000061834
experiment_name,f2279a53-1ead-4d0e-89c7-ddabfb419115,function_execution_time,1773616369.624714,0.000062041
experiment_name,560c7703-be29-420c-9c5d-7a85627cf26a,function_execution_time,1773616369.623806,0.000067042
experiment_name,560c7703-be29-420c-9c5d-7a85627cf26a,function_execution_time,1773616369.623925,0.000052458
experiment_name,bec17ce4-3db2-4ab6-a8bd-ac67c4377801,function_execution_time,1773616369.623034,0.000088666
experiment_name,bec17ce4-3db2-4ab6-a8bd-ac67c4377801,function_execution_time,1773616369.623195,0.000072209
experiment_name,f188c7fd-e475-4ff0-b831-4dccd3ccb87c,function_execution_time,1773616369.626119,0.000111833
experiment_name,f188c7fd-e475-4ff0-b831-4dccd3ccb87c,function_execution_time,1773616369.626433,0.00017125
experiment_name,31103827-41dc-4766-a269-d639672d7f02,function_execution_time,1773616369.623537,0.000044875
experiment_name,8dcb8f9e-adc8-4cb5-9fa1-c604c6a00a0f,function_execution_time,1773616369.624224,0.000044458
experiment_name,12725436-6209-457c-8048-7abe85f51878,function_execution_time,1773616369.630361,0.000262333
experiment_name,12725436-6209-457c-8048-7abe85f51878,function_execution_time,1773616369.631057,0.000390917
experiment_name,98b120b4-c708-43ed-8207-c2dafffaa49b,function_execution_time,1773616369.623303,0.000069625
experiment_name,90fba639-4b6a-414c-9a52-faa0d40b5582,function_execution_time,1773616369.633328,0.000300417
experiment_name,90fba639-4b6a-414c-9a52-faa0d40b5582,function_execution_time,1773616369.633617,0.000129583
experiment_name,35c7dd0c-f5e3-4dbb-b4d6-b2df2df4984f,function_execution_time,1773616369.628403,0.000090041
experiment_name,35c7dd0c-f5e3-4dbb-b4d6-b2df2df4984f,function_execution_time,1773616369.628582,0.00006775
experiment_name,3276fe39-af48-4f7d-8e51-7bd85b4a257b,function_execution_time,1773616369.629225,0.000153708
experiment_name,3276fe39-af48-4f7d-8e51-7bd85b4a257b,function_execution_time,1773616369.629856,0.000286583
experiment_name,c3baa5fd-4d18-4812-9101-3c3dfe0d10a3,function_execution_time,1773616369.628273,0.000088917
experiment_name,c3baa5fd-4d18-4812-9101-3c3dfe0d10a3,function_execution_time,1773616369.63282,0.0002805
experiment_name,90dd6014-537b-426b-bad1-e84087fb59a9,function_execution_time,1773616369.630635,0.000240959
experiment_name,90dd6014-537b-426b-bad1-e84087fb59a9,function_execution_time,1773616369.631524,0.0004005
experiment_name,70189e71-6249-4525-bec8-ad4e782513a0,function_execution_time,1773616369.632377,0.000417041
experiment_name,70189e71-6249-4525-bec8-ad4e782513a0,function_execution_time,1773616369.633181,0.000705917
experiment_name,805b4993-70b7-4241-9d84-e59008dde5c5,function_execution_time,1773616369.62893,0.000059875
experiment_name,805b4993-70b7-4241-9d84-e59008dde5c5,function_execution_time,1773616369.629259,0.000256792
experiment_name,eb21486c-dee6-4262-acba-afb8fffeaa4d,function_execution_time,1773616369.627709,0.000234333
experiment_name,eb21486c-dee6-4262-acba-afb8fffeaa4d,function_execution_time,1773616369.629581,0.000338208
experiment_name,eb21486c-dee6-4262-acba-afb8fffeaa4d,function_execution_time,1773616369.631119,0.00046675
experiment_name,c39a9132-4377-4105-87a2-e23118edb44a,function_execution_time,1773616369.630585,0.000385709
experiment_name,f1a3c04c-1f2e-44ae-8b11-edf879d5ee10,function_execution_time,1773616369.63345,0.000354625
experiment_name,f1a3c04c-1f2e-44ae-8b11-edf879d5ee10,function_execution_time,1773616369.633917,0.000079833
experiment_name,7289be0f-060d-4554-b7b6-f54b7e0961bf,function_execution_time,1773616369.61919,0.000117833
experiment_name,f4d82139-cdb2-4853-aaef-01143d79d0c4,function_execution_time,1773616369.619035,0.00028175
experiment_name,65a6afd2-2b2f-4ca0-9957-d1239ac06597,function_execution_time,1773616369.62745,0.00013475
experiment_name,65a6afd2-2b2f-4ca0-9957-d1239ac06597,function_execution_time,1773616369.627767,0.000075833
experiment_name,c1026239-1d51-4f01-bc3f-f7024e0b649d,function_execution_time,1773616369.624982,0.000062875
experiment_name,c1026239-1d51-4f01-bc3f-f7024e0b649d,function_execution_time,1773616369.625175,0.000081708
experiment_name,d7a53bb7-3c6b-4be8-b8c6-e8b0c955dcc8,function_execution_time,1773616369.630092,0.0001775
experiment_name,31565ca1-67f1-48ec-837a-6767c169ff91,function_execution_time,1773616369.629665,0.000234334
experiment_name,31565ca1-67f1-48ec-837a-6767c169ff91,function_execution_time,1773616369.630002,0.0003305
experiment_name,31565ca1-67f1-48ec-837a-6767c169ff91,function_execution_time,1773616369.63026,0.000254
experiment_name,31565ca1-67f1-48ec-837a-6767c169ff91,function_execution_time,1773616369.630626,0.000356625
experiment_name,31565ca1-67f1-48ec-837a-6767c169ff91,function_execution_time,1773616369.630917,0.000266125
experiment_name,31565ca1-67f1-48ec-837a-6767c169ff91,function_execution_time,1773616369.631289,0.000328334
experiment_name,31565ca1-67f1-48ec-837a-6767c169ff91,function_execution_time,1773616369.632131,0.000814792
experiment_name,31565ca1-67f1-48ec-837a-6767c169ff91,function_execution_time,1773616369.632405,0.000340709
experiment_name,31565ca1-67f1-48ec-837a-6767c169ff91,function_execution_time,1773616369.632697,0.000175458
experiment_name,31565ca1-67f1-48ec-837a-6767c169ff91,function_execution_time,1773616369.633083,0.000292125
experiment_name,942cac1d-825d-4000-b266-6e7bae6240f4,function_execution_time,1773616369.632681,0.000419166
experiment_name,942cac1d-825d-4000-b266-6e7bae6240f4,function_execution_time,1773616369.633568,0.00061025
experiment_name,036a39c1-c505-4880-800c-5f7de31c1ce4,function_execution_time,1773616369.627569,0.000345833
experiment_name,036a39c1-c505-4880-800c-5f7de31c1ce4,function_execution_time,1773616369.631941,0.000755625
experiment_name,fc1f09e8-283d-4869-a6e3-52902122c849,function_execution_time,1773616369.623011,0.000088459
experiment_name,fc1f09e8-283d-4869-a6e3-52902122c849,function_execution_time,1773616369.631121,0.000218667
experiment_name,2a60cf82-4696-4aef-a544-5672e6e27138,function_execution_time,1773616369.619105,0.000169542
experiment_name,2a60cf82-4696-4aef-a544-5672e6e27138,function_execution_time,1773616369.61922,0.000106958
experiment_name,2a60cf82-4696-4aef-a544-5672e6e27138,function_execution_time,1773616369.622065,0.000098916
experiment_name,2a60cf82-4696-4aef-a544-5672e6e27138,function_execution_time,1773616369.623133,0.0000735
experiment_name,2a60cf82-4696-4aef-a544-5672e6e27138,function_execution_time,1773616369.623881,0.000066916
experiment_name,2a60cf82-4696-4aef-a544-5672e6e27138,function_execution_time,1773616369.624642,0.000068458
experiment_name,2a60cf82-4696-4aef-a544-5672e6e27138,function_execution_time,1773616369.625084,0.000088
experiment_name,2a60cf82-4696-4aef-a544-5672e6e27138,function_execution_time,1773616369.625279,0.000068375
experiment_name,2a60cf82-4696-4aef-a544-5672e6e27138,function_execution_time,1773616369.626082,0.000094458
experiment_name,2a60cf82-4696-4aef-a544-5672e6e27138,function_execution_time,1773616369.626249,0.000148542
experiment_name,2a60cf82-4696-4aef-a544-5672e6e27138,function_execution_time,1773616369.626516,0.000084583
experiment_name,2a60cf82-4696-4aef-a544-5672e6e27138,function_execution_time,1773616369.62677,0.000070292
experiment_name,2a60cf82-4696-4aef-a544-5672e6e27138,function_execution_time,1773616369.627653,0.000147917
experiment_name,2a60cf82-4696-4aef-a544-5672e6e27138,function_execution_time,1773616369.628425,0.00009475
experiment_name,2a60cf82-4696-4aef-a544-5672e6e27138,function_execution_time,1773616369.628531,0.000098292
experiment_name,2a60cf82-4696-4aef-a544-5672e6e27138,function_execution_time,1773616369.62898,0.000075667
experiment_name,2a60cf82-4696-4aef-a544-5672e6e27138,function_execution_time,1773616369.62951,0.000145417
experiment_name,2a60cf82-4696-4aef-a544-5672e6e27138,function_execution_time,1773616369.630032,0.000252167
experiment_name,2a60cf82-4696-4aef-a544-5672e6e27138,function_execution_time,1773616369.630684,0.000253125
experiment_name,2a60cf82-4696-4aef-a544-5672e6e27138,function_execution_time,1773616369.63104,0.000296458
experiment_name,2a60cf82-4696-4aef-a544-5672e6e27138,function_execution_time,1773616369.631562,0.000307041
experiment_name,2a60cf82-4696-4aef-a544-5672e6e27138,function_execution_time,1773616369.631985,0.000393
experiment_name,2a60cf82-4696-4aef-a544-5672e6e27138,function_execution_time,1773616369.632301,0.000335458
experiment_name,2a60cf82-4696-4aef-a544-5672e6e27138,function_execution_time,1773616369.632468,0.000158625
experiment_name,2a60cf82-4696-4aef-a544-5672e6e27138,function_execution_time,1773616369.632832,0.000164542
experiment_name,2a60cf82-4696-4aef-a544-5672e6e27138,function_execution_time,1773616369.633661,0.000357666
experiment_name,2a60cf82-4696-4aef-a544-5672e6e27138,function_execution_time,1773616369.633735,0.000063584
experiment_name,2a60cf82-4696-4aef-a544-5672e6e27138,function_execution_time,1773616369.633865,0.000093875
experiment_name,2a60cf82-4696-4aef-a544-5672e6e27138,function_execution_time,1773616369.633941,0.000085875
experiment_name,2a60cf82-4696-4aef-a544-5672e6e27138,function_execution_time,1773616369.634043,0.000095291
experiment_name,5b956371-bd1d-424a-b444-42af37a3e81f,function_execution_time,1773616369.625977,0.000092041
experiment_name,5b956371-bd1d-424a-b444-42af37a3e81f,function_execution_time,1773616369.626242,0.000169833
experiment_name,7445051b-7bf7-472d-93ff-e1f6eb02126c,function_execution_time,1773616369.626709,0.000066167
experiment_name,7445051b-7bf7-472d-93ff-e1f6eb02126c,function_execution_time,1773616369.626813,0.000059708
experiment_name,9d694fb5-fe51-4a66-ab90-7cf556761cf9,function_execution_time,1773616369.630908,0.000231042
experiment_name,776c1e51-1bfd-493c-84b2-f46adea896a5,function_execution_time,1773616369.631509,0.000319375
experiment_name,776c1e51-1bfd-493c-84b2-f46adea896a5,function_execution_time,1773616369.632355,0.000347042
experiment_name,cfbfe214-0b7e-4812-849f-5f987250a271,function_execution_time,1773616369.627667,0.000157334
experiment_name,cfbfe214-0b7e-4812-849f-5f987250a271,function_execution_time,1773616369.631924,0.000261833
experiment_name,a057c0d0-7aa2-4636-a9ed-087dccf98a70,function_execution_time,1773616369.619069,0.000151166
experiment_name,83833a16-41a9-400b-a03e-7962b0f18bb5,function_execution_time,1773616369.627476,0.000154083
experiment_name,83833a16-41a9-400b-a03e-7962b0f18bb5,function_execution_time,1773616369.627738,0.000106958
experiment_name,2b109b4c-ac67-40ff-b685-eb4d44355833,function_stop_time,1773616369.697425,0.0000145
experiment_name,a4872ab2-6e99-44cc-ad40-cc4ab835e24f,function_stop_time,1773616369.657874,0.000058458
experiment_name,cc1ef16a-dea7-4bf4-bbf7-a8a96f5e376d,function_stop_time,1773616369.681671,0.000018792
experiment_name,35a301dc-3376-4d82-a032-fd0a18e875ad,function_stop_time,1773616369.647592,0.000014791
experiment_name,c1026239-1d51-4f01-bc3f-f7024e0b649d,function_stop_time,1773616369.650497,0.00001775
experiment_name,83833a16-41a9-400b-a03e-7962b0f18bb5,function_stop_time,1773616369.69441,0.0000145
experiment_name,1e7a1940-2858-46c7-84ce-7ee74723fbce,function_stop_time,1773616369.688824,0.000015
experiment_name,3f84bfe7-ce16-49cc-9ee9-df1558f41c88,function_stop_time,1773616369.680659,0.000017625
experiment_name,051680cb-d818-476b-9abb-202c2c85130d,function_stop_time,1773616369.68687,0.0000165
experiment_name,41cd8cb4-4912-4d6c-80f4-cf96bbcddae0,function_stop_time,1773616369.653465,0.000026583
experiment_name,a057c0d0-7aa2-4636-a9ed-087dccf98a70,function_stop_time,1773616369.651972,0.000016792
experiment_name,c2128628-d443-4d07-a456-a9451783d8df,function_stop_time,1773616369.644545,0.000016667
experiment_name,90dd6014-537b-426b-bad1-e84087fb59a9,function_stop_time,1773616369.673988,0.000016584
experiment_name,776c1e51-1bfd-493c-84b2-f46adea896a5,function_stop_time,1773616369.646157,0.000017875
experiment_name,c3baa5fd-4d18-4812-9101-3c3dfe0d10a3,function_stop_time,1773616369.69362,0.000038209
experiment_name,23d98940-70a4-4788-9e73-42c5d9c783cf,function_stop_time,1773616369.690599,0.000019584
experiment_name,8dcb8f9e-adc8-4cb5-9fa1-c604c6a00a0f,function_stop_time,1773616369.672235,0.000016333
experiment_name,145983cf-af9b-40eb-954c-de2058cdbd11,function_stop_time,1773616369.66577,0.000031917
experiment_name,7a488f84-4f1e-42e6-a6c1-1f5d2b3ea334,function_stop_time,1773616369.656308,0.00001975
experiment_name,7289be0f-060d-4554-b7b6-f54b7e0961bf,function_stop_time,1773616369.695403,0.000014792
experiment_name,b4fee326-07f9-46cf-97a4-174a4143b600,function_stop_time,1773616369.682475,0.000025167
experiment_name,8f375b3d-43dd-4bac-a784-74dde3bb942b,function_stop_time,1773616369.683992,0.000017583
experiment_name,fc1f09e8-283d-4869-a6e3-52902122c849,function_stop_time,1773616369.689983,0.00001875
experiment_name,f188c7fd-e475-4ff0-b831-4dccd3ccb87c,function_stop_time,1773616369.685484,0.000017083
experiment_name,12a80d41-1886-4955-9c3a-0ff39a02f80a,function_stop_time,1773616369.697763,0.000016334
experiment_name,942cac1d-825d-4000-b266-6e7bae6240f4,function_stop_time,1773616369.694795,0.000017375
experiment_name,3b7281ad-1ad0-4c4c-b500-ba2fa0f8d27b,function_stop_time,1773616369.67966,0.000015417
experiment_name,31103827-41dc-4766-a269-d639672d7f02,function_stop_time,1773616369.695132,0.000015
experiment_name,4df51702-8dd8-4d31-9e50-57a8e7767243,function_stop_time,1773616369.671297,0.0000195
experiment_name,bec17ce4-3db2-4ab6-a8bd-ac67c4377801,function_stop_time,1773616369.663157,0.000016
experiment_name,d11e0dcd-1c48-4914-bc7a-fc404965eb0f,function_stop_time,1773616369.6963,0.000015334
experiment_name,aa2f35dc-883a-486a-a7d6-ecf704d20db8,function_stop_time,1773616369.661896,0.000021125
experiment_name,c489f4be-5a19-4100-99fc-a55d8dad3667,function_stop_time,1773616369.664401,0.000017125
experiment_name,f4d82139-cdb2-4853-aaef-01143d79d0c4,function_stop_time,1773616369.676947,0.000017375
experiment_name,b69ea189-ef8e-437f-9c8b-4e33b284c039,function_stop_time,1773616369.639394,0.000020542
experiment_name,65a6afd2-2b2f-4ca0-9957-d1239ac06597,function_stop_time,1773616369.689392,0.000014709
experiment_name,68070bfb-0499-452f-87a3-0de4aee67c28,function_stop_time,1773616369.66914,0.000014416
experiment_name,6437e2bf-5397-476c-9128-30cb129e0038,function_stop_time,1773616369.696567,0.000016792
experiment_name,f2279a53-1ead-4d0e-89c7-ddabfb419115,function_stop_time,1773616369.659129,0.00001775
experiment_name,b7730086-76f5-4a44-afb1-688139e7d576,function_stop_time,1773616369.691194,0.000021125
experiment_name,d7a53bb7-3c6b-4be8-b8c6-e8b0c955dcc8,function_stop_time,1773616369.660431,0.000019042
experiment_name,fc96a190-305f-4625-9fb9-0b9fa7d6d25d,function_stop_time,1773616369.697618,0.000016291
experiment_name,c96af99e-e7d9-45f0-986b-87ad78dcaa00,function_stop_time,1773616369.692174,0.000015625
experiment_name,12725436-6209-457c-8048-7abe85f51878,function_stop_time,1773616369.670268,0.000017334
experiment_name,35c7dd0c-f5e3-4dbb-b4d6-b2df2df4984f,function_stop_time,1773616369.683225,0.000016125
experiment_name,d0c6d963-1370-4583-88ab-566ca779258c,function_stop_time,1773616369.697012,0.000014417
experiment_name,78946833-6cbd-4ddc-8cd7-42ad194a7ec4,function_stop_time,1773616369.694026,0.00001825
experiment_name,31565ca1-67f1-48ec-837a-6767c169ff91,function_stop_time,1773616369.691731,0.000038625
experiment_name,c39a9132-4377-4105-87a2-e23118edb44a,function_stop_time,1773616369.674951,0.000015666
experiment_name,eb21486c-dee6-4262-acba-afb8fffeaa4d,function_stop_time,1773616369.696044,0.000029584
experiment_name,f1a3c04c-1f2e-44ae-8b11-edf879d5ee10,function_stop_time,1773616369.678807,0.000018791
experiment_name,cfbfe214-0b7e-4812-849f-5f987250a271,function_stop_time,1773616369.649036,0.000018708
experiment_name,7d9c35dd-5bf8-4896-9a4d-01c2e5c37473,function_stop_time,1773616369.687531,0.000014583
experiment_name,ed1ceec2-dabb-4d94-9f0d-d2242de0cf36,function_stop_time,1773616369.677937,0.000015083
experiment_name,90fba639-4b6a-414c-9a52-faa0d40b5582,function_stop_time,1773616369.643071,0.000017333
experiment_name,805b4993-70b7-4241-9d84-e59008dde5c5,function_stop_time,1773616369.676025,0.000016875
experiment_name,560c7703-be29-420c-9c5d-7a85627cf26a,function_stop_time,1773616369.67295,0.000016334
experiment_name,98fc0ffc-9a8f-4afa-b997-b0cf4ec4b70b,function_stop_time,1773616369.641287,0.000015167
experiment_name,98b120b4-c708-43ed-8207-c2dafffaa49b,function_stop_time,1773616369.695752,0.000017084
experiment_name,2a60cf82-4696-4aef-a544-5672e6e27138,function_stop_time,1773616369.686248,0.000044125
experiment_name,7445051b-7bf7-472d-93ff-e1f6eb02126c,function_stop_time,1773616369.684761,0.000016834
experiment_name,036a39c1-c505-4880-800c-5f7de31c1ce4,function_stop_time,1773616369.655005,0.000017792
experiment_name,3276fe39-af48-4f7d-8e51-7bd85b4a257b,function_stop_time,1773616369.692667,0.000018667
experiment_name,9d694fb5-fe51-4a66-ab90-7cf556761cf9,function_stop_time,1773616369.667935,0.00001675
experiment_name,5bf107d0-ff05-4cdc-98eb-caa9674def39,function_stop_time,1773616369.693149,0.00001825
experiment_name,70189e71-6249-4525-bec8-ad4e782513a0,function_stop_time,1773616369.666856,0.000019792
experiment_name,5b956371-bd1d-424a-b444-42af37a3e81f,function_stop_time,1773616369.688159,0.000014833
experiment_name,cba0fdc0-23ef-457b-a31e-3bd5a01eb94b,function_stop_time,1773616369.697237,0.000022583
experiment_name,effd7daf-d844-4431-ba02-2a2ccdc59a00,function_stop_time,1773616369.696779,0.000014792
experiment_name,1e7a1940-2858-46c7-84ce-7ee74723fbce,function_transfer_time,1773616369.631999,0.000166
experiment_name,1e7a1940-2858-46c7-84ce-7ee74723fbce,function_transfer_time,1773616369.633086,0.000125
experiment_name,ec1b27b0-8ffb-4bf8-8e15-f99ef70a25b6,function_transfer_time,1773616370.591849,0.005025
experiment_name,70189e71-6249-4525-bec8-ad4e782513a0,function_transfer_time,1773616369.631973,0.000033
experiment_name,70189e71-6249-4525-bec8-ad4e782513a0,function_transfer_time,1773616369.63247,0.00004
experiment_name,5bf107d0-ff05-4cdc-98eb-caa9674def39,function_transfer_time,1773616369.628224,0.000041
experiment_name,5bf107d0-ff05-4cdc-98eb-caa9674def39,function_transfer_time,1773616369.628419,0.000035
experiment_name,bec17ce4-3db2-4ab6-a8bd-ac67c4377801,function_transfer_time,1773616369.622926,0.000051
experiment_name,bec17ce4-3db2-4ab6-a8bd-ac67c4377801,function_transfer_time,1773616369.623137,0.000032
experiment_name,12725436-6209-457c-8048-7abe85f51878,function_transfer_time,1773616369.630103,0.000054
experiment_name,12725436-6209-457c-8048-7abe85f51878,function_transfer_time,1773616369.630657,0.000094
experiment_name,aa2f35dc-883a-486a-a7d6-ecf704d20db8,function_transfer_time,1773616369.625111,0.000014
experiment_name,aa2f35dc-883a-486a-a7d6-ecf704d20db8,function_transfer_time,1773616369.625263,0.00002
experiment_name,7289be0f-060d-4554-b7b6-f54b7e0961bf,function_transfer_time,1773616369.619078,0.000024
experiment_name,7445051b-7bf7-472d-93ff-e1f6eb02126c,function_transfer_time,1773616369.626617,0.000012
experiment_name,7445051b-7bf7-472d-93ff-e1f6eb02126c,function_transfer_time,1773616369.626751,0.000014
experiment_name,8f375b3d-43dd-4bac-a784-74dde3bb942b,function_transfer_time,1773616369.626305,0.000021
experiment_name,8f375b3d-43dd-4bac-a784-74dde3bb942b,function_transfer_time,1773616369.626507,0.000013
experiment_name,051680cb-d818-476b-9abb-202c2c85130d,function_transfer_time,1773616369.629162,0.000025
experiment_name,051680cb-d818-476b-9abb-202c2c85130d,function_transfer_time,1773616369.629503,0.000045
experiment_name,776c1e51-1bfd-493c-84b2-f46adea896a5,function_transfer_time,1773616369.631178,0.000015
experiment_name,776c1e51-1bfd-493c-84b2-f46adea896a5,function_transfer_time,1773616369.63202,0.000172
experiment_name,a4872ab2-6e99-44cc-ad40-cc4ab835e24f,function_transfer_time,1773616369.631051,0.000124
experiment_name,a4872ab2-6e99-44cc-ad40-cc4ab835e24f,function_transfer_time,1773616369.631554,0.00005
experiment_name,d0c6d963-1370-4583-88ab-566ca779258c,function_transfer_time,1773616369.629622,0.000052
experiment_name,31103827-41dc-4766-a269-d639672d7f02,function_transfer_time,1773616369.623498,0.01601
experiment_name,3276fe39-af48-4f7d-8e51-7bd85b4a257b,function_transfer_time,1773616369.629061,0.000022
experiment_name,3276fe39-af48-4f7d-8e51-7bd85b4a257b,function_transfer_time,1773616369.629567,0.000112
experiment_name,35c7dd0c-f5e3-4dbb-b4d6-b2df2df4984f,function_transfer_time,1773616369.628324,0.000053
experiment_name,35c7dd0c-f5e3-4dbb-b4d6-b2df2df4984f,function_transfer_time,1773616369.628503,0.000022
experiment_name,83833a16-41a9-400b-a03e-7962b0f18bb5,function_transfer_time,1773616369.627331,0.000073
experiment_name,83833a16-41a9-400b-a03e-7962b0f18bb5,function_transfer_time,1773616369.627646,0.00004
experiment_name,942cac1d-825d-4000-b266-6e7bae6240f4,function_transfer_time,1773616369.632286,0.00004
experiment_name,942cac1d-825d-4000-b266-6e7bae6240f4,function_transfer_time,1773616369.633029,0.000178
experiment_name,c39a9132-4377-4105-87a2-e23118edb44a,function_transfer_time,1773616369.630156,0.00004
experiment_name,145983cf-af9b-40eb-954c-de2058cdbd11,function_transfer_time,1773616369.632907,0.000238
experiment_name,145983cf-af9b-40eb-954c-de2058cdbd11,function_transfer_time,1773616369.633732,0.000025
experiment_name,f2279a53-1ead-4d0e-89c7-ddabfb419115,function_transfer_time,1773616369.624512,0.000011
experiment_name,f2279a53-1ead-4d0e-89c7-ddabfb419115,function_transfer_time,1773616369.624646,0.000034
experiment_name,036a39c1-c505-4880-800c-5f7de31c1ce4,function_transfer_time,1773616369.627227,0.000044
experiment_name,036a39c1-c505-4880-800c-5f7de31c1ce4,function_transfer_time,1773616369.63115,0.000032
experiment_name,fc96a190-305f-4625-9fb9-0b9fa7d6d25d,function_transfer_time,1773616369.631626,0.000135
experiment_name,fc96a190-305f-4625-9fb9-0b9fa7d6d25d,function_transfer_time,1773616369.632268,0.00012
experiment_name,c2128628-d443-4d07-a456-a9451783d8df,function_transfer_time,1773616369.619212,0.000021
experiment_name,805b4993-70b7-4241-9d84-e59008dde5c5,function_transfer_time,1773616369.628843,0.000012
experiment_name,805b4993-70b7-4241-9d84-e59008dde5c5,function_transfer_time,1773616369.628996,0.000047
experiment_name,c1026239-1d51-4f01-bc3f-f7024e0b649d,function_transfer_time,1773616369.624919,0.000012
experiment_name,c1026239-1d51-4f01-bc3f-f7024e0b649d,function_transfer_time,1773616369.625088,0.000047
experiment_name,78946833-6cbd-4ddc-8cd7-42ad194a7ec4,function_transfer_time,1773616369.633306,0.000059
experiment_name,78946833-6cbd-4ddc-8cd7-42ad194a7ec4,function_transfer_time,1773616369.633938,0.000024
experiment_name,f1a3c04c-1f2e-44ae-8b11-edf879d5ee10,function_transfer_time,1773616369.63309,0.00009
experiment_name,f1a3c04c-1f2e-44ae-8b11-edf879d5ee10,function_transfer_time,1773616369.633853,0.000019
experiment_name,98b120b4-c708-43ed-8207-c2dafffaa49b,function_transfer_time,1773616369.623234,0.000012
experiment_name,2a60cf82-4696-4aef-a544-5672e6e27138,function_transfer_time,1773616369.619115,0.002455
experiment_name,2a60cf82-4696-4aef-a544-5672e6e27138,function_transfer_time,1773616369.619229,0.001666
experiment_name,2a60cf82-4696-4aef-a544-5672e6e27138,function_transfer_time,1773616369.62304,0.000055
experiment_name,2a60cf82-4696-4aef-a544-5672e6e27138,function_transfer_time,1773616369.623803,0.000022
experiment_name,2a60cf82-4696-4aef-a544-5672e6e27138,function_transfer_time,1773616369.624566,0.000017
experiment_name,2a60cf82-4696-4aef-a544-5672e6e27138,function_transfer_time,1773616369.625013,0.00003
experiment_name,2a60cf82-4696-4aef-a544-5672e6e27138,function_transfer_time,1773616369.625192,0.000018
experiment_name,2a60cf82-4696-4aef-a544-5672e6e27138,function_transfer_time,1773616369.626,0.00004
experiment_name,2a60cf82-4696-4aef-a544-5672e6e27138,function_transfer_time,1773616369.626108,0.000037
experiment_name,2a60cf82-4696-4aef-a544-5672e6e27138,function_transfer_time,1773616369.626414,0.000018
experiment_name,2a60cf82-4696-4aef-a544-5672e6e27138,function_transfer_time,1773616369.626716,0.000032
experiment_name,2a60cf82-4696-4aef-a544-5672e6e27138,function_transfer_time,1773616369.627488,0.000049
experiment_name,2a60cf82-4696-4aef-a544-5672e6e27138,function_transfer_time,1773616369.628338,0.000029
experiment_name,2a60cf82-4696-4aef-a544-5672e6e27138,function_transfer_time,1773616369.628445,0.000044
experiment_name,2a60cf82-4696-4aef-a544-5672e6e27138,function_transfer_time,1773616369.62892,0.000017
experiment_name,2a60cf82-4696-4aef-a544-5672e6e27138,function_transfer_time,1773616369.629313,0.000027
experiment_name,2a60cf82-4696-4aef-a544-5672e6e27138,function_transfer_time,1773616369.629766,0.000069
experiment_name,2a60cf82-4696-4aef-a544-5672e6e27138,function_transfer_time,1773616369.630358,0.000035
experiment_name,2a60cf82-4696-4aef-a544-5672e6e27138,function_transfer_time,1773616369.630692,0.000174
experiment_name,2a60cf82-4696-4aef-a544-5672e6e27138,function_transfer_time,1773616369.631346,0.000065
experiment_name,2a60cf82-4696-4aef-a544-5672e6e27138,function_transfer_time,1773616369.631571,0.000154
experiment_name,2a60cf82-4696-4aef-a544-5672e6e27138,function_transfer_time,1773616369.631992,0.000113
experiment_name,2a60cf82-4696-4aef-a544-5672e6e27138,function_transfer_time,1773616369.632311,0.000149
experiment_name,2a60cf82-4696-4aef-a544-5672e6e27138,function_transfer_time,1773616369.632673,0.000071
experiment_name,2a60cf82-4696-4aef-a544-5672e6e27138,function_transfer_time,1773616369.63332,0.00008
experiment_name,2a60cf82-4696-4aef-a544-5672e6e27138,function_transfer_time,1773616369.633664,0.000434
experiment_name,2a60cf82-4696-4aef-a544-5672e6e27138,function_transfer_time,1773616369.633758,0.000376
experiment_name,2a60cf82-4696-4aef-a544-5672e6e27138,function_transfer_time,1773616369.633868,0.000349
experiment_name,2a60cf82-4696-4aef-a544-5672e6e27138,function_transfer_time,1773616369.633944,0.000384
experiment_name,5b956371-bd1d-424a-b444-42af37a3e81f,function_transfer_time,1773616369.625872,0.000011
experiment_name,5b956371-bd1d-424a-b444-42af37a3e81f,function_transfer_time,1773616369.626079,0.000032
experiment_name,ed1ceec2-dabb-4d94-9f0d-d2242de0cf36,function_transfer_time,1773616369.630384,0.000029
experiment_name,ed1ceec2-dabb-4d94-9f0d-d2242de0cf36,function_transfer_time,1773616369.63098,0.000052
experiment_name,35a301dc-3376-4d82-a032-fd0a18e875ad,function_transfer_time,1773616369.632344,0.000203
experiment_name,35a301dc-3376-4d82-a032-fd0a18e875ad,function_transfer_time,1773616369.632843,0.000207
experiment_name,fc1f09e8-283d-4869-a6e3-52902122c849,function_transfer_time,1773616369.62292,0.000039
experiment_name,fc1f09e8-283d-4869-a6e3-52902122c849,function_transfer_time,1773616369.630925,0.000085
experiment_name,31565ca1-67f1-48ec-837a-6767c169ff91,function_transfer_time,1773616369.629478,0.04959
experiment_name,31565ca1-67f1-48ec-837a-6767c169ff91,function_transfer_time,1773616369.629682,0.046479
experiment_name,31565ca1-67f1-48ec-837a-6767c169ff91,function_transfer_time,1773616369.63001,0.039582
experiment_name,31565ca1-67f1-48ec-837a-6767c169ff91,function_transfer_time,1773616369.630263,0.018735
experiment_name,31565ca1-67f1-48ec-837a-6767c169ff91,function_transfer_time,1773616369.63065,0.007655
experiment_name,31565ca1-67f1-48ec-837a-6767c169ff91,function_transfer_time,1773616369.630932,0.003588
experiment_name,31565ca1-67f1-48ec-837a-6767c169ff91,function_transfer_time,1773616369.631304,0.003617
experiment_name,31565ca1-67f1-48ec-837a-6767c169ff91,function_transfer_time,1773616369.63214,0.003842
experiment_name,31565ca1-67f1-48ec-837a-6767c169ff91,function_transfer_time,1773616369.632538,0.000053
experiment_name,31565ca1-67f1-48ec-837a-6767c169ff91,function_transfer_time,1773616369.632705,0.000241
experiment_name,90fba639-4b6a-414c-9a52-faa0d40b5582,function_transfer_time,1773616369.633032,0.00019
experiment_name,90fba639-4b6a-414c-9a52-faa0d40b5582,function_transfer_time,1773616369.633485,0.000021
experiment_name,7d9c35dd-5bf8-4896-9a4d-01c2e5c37473,function_transfer_time,1773616369.633411,0.000121
experiment_name,7d9c35dd-5bf8-4896-9a4d-01c2e5c37473,function_transfer_time,1773616369.634037,0.000033
experiment_name,eb21486c-dee6-4262-acba-afb8fffeaa4d,function_transfer_time,1773616369.627468,0.00005
experiment_name,eb21486c-dee6-4262-acba-afb8fffeaa4d,function_transfer_time,1773616369.629215,0.000048
experiment_name,eb21486c-dee6-4262-acba-afb8fffeaa4d,function_transfer_time,1773616369.630669,0.000061
experiment_name,90dd6014-537b-426b-bad1-e84087fb59a9,function_transfer_time,1773616369.630388,0.000019
experiment_name,90dd6014-537b-426b-bad1-e84087fb59a9,function_transfer_time,1773616369.631116,0.000092
experiment_name,68070bfb-0499-452f-87a3-0de4aee67c28,function_transfer_time,1773616369.622085,0.002752
experiment_name,9d694fb5-fe51-4a66-ab90-7cf556761cf9,function_transfer_time,1773616369.630662,0.000067
experiment_name,c3baa5fd-4d18-4812-9101-3c3dfe0d10a3,function_transfer_time,1773616369.628173,0.000048
experiment_name,c3baa5fd-4d18-4812-9101-3c3dfe0d10a3,function_transfer_time,1773616369.632464,0.000098
experiment_name,f188c7fd-e475-4ff0-b831-4dccd3ccb87c,function_transfer_time,1773616369.626015,0.000025
experiment_name,f188c7fd-e475-4ff0-b831-4dccd3ccb87c,function_transfer_time,1773616369.626246,0.000056
experiment_name,d7a53bb7-3c6b-4be8-b8c6-e8b0c955dcc8,function_transfer_time,1773616369.629972,0.000042
experiment_name,560c7703-be29-420c-9c5d-7a85627cf26a,function_transfer_time,1773616369.623726,0.000012
experiment_name,560c7703-be29-420c-9c5d-7a85627cf26a,function_transfer_time,1773616369.623878,0.00002
experiment_name,cc1ef16a-dea7-4bf4-bbf7-a8a96f5e376d,function_transfer_time,1773616369.629629,0.000041
experiment_name,cc1ef16a-dea7-4bf4-bbf7-a8a96f5e376d,function_transfer_time,1773616369.63004,0.00011
experiment_name,65a6afd2-2b2f-4ca0-9957-d1239ac06597,function_transfer_time,1773616369.627326,0.000074
experiment_name,65a6afd2-2b2f-4ca0-9957-d1239ac06597,function_transfer_time,1773616369.627683,0.000068
experiment_name,8dcb8f9e-adc8-4cb5-9fa1-c604c6a00a0f,function_transfer_time,1773616369.624183,0.000912
experiment_name,cfbfe214-0b7e-4812-849f-5f987250a271,function_transfer_time,1773616369.627557,0.000045
experiment_name,cfbfe214-0b7e-4812-849f-5f987250a271,function_transfer_time,1773616369.631619,0.00013
experiment_name,4cdad354-7b2a-474f-8767-62ca35016ce8,function_instantiate_time,1773616374.054021,4.290153917
experiment_name,5434fa6f-ecb1-4dad-baca-3490dda37af3,function_instantiate_time,1773616374.065096,4.302588125
experiment_name,a37ffdc4-d3f4-4968-836f-aed155970d81,function_instantiate_time,1773616374.06123,4.297882958
experiment_name,7ea4f60c-8ac0-47bc-accf-66d27006d96d,function_instantiate_time,1773616374.037185,4.272521959
experiment_name,c9b3809b-6415-4692-a9dd-4110ccca26cb,function_instantiate_time,1773616374.056575,4.293712542
experiment_name,b36632bc-35ff-46d9-82b1-0148b36da56f,function_instantiate_time,1773616374.066282,4.303149625
experiment_name,13306d2f-35b4-4a38-92dd-25f014319832,function_instantiate_time,1773616374.066892,4.304493583
experiment_name,94b4f850-30d9-479f-9895-44e2f946056d,function_instantiate_time,1773616374.064065,4.300925
experiment_name,d8b8b563-a72e-47d0-a633-ee60ec8db0db,function_instantiate_time,1773616374.06096,4.2972241669999995
experiment_name,05a9b8ea-a484-4573-951a-4646fa22422a,function_instantiate_time,1773616374.058274,4.294575167
experiment_name,d70174b4-6168-4111-9689-7525217203bf,function_instantiate_time,1773616374.041351,4.277376625
experiment_name,5ae24624-e28a-41c1-b790-04cff9c66e7f,function_instantiate_time,1773616374.054997,4.290882542
experiment_name,8f3d0b42-6ef7-445b-836f-baf632f60eac,function_instantiate_time,1773616374.064754,4.301639583
experiment_name,0a96d0bb-ca7e-494f-97b1-8132da1224f1,function_instantiate_time,1773616374.061299,4.298575417
experiment_name,78c30aa6-361b-4108-bb36-b36f68e036d5,function_instantiate_time,1773616374.04689,4.282754833
experiment_name,15f769e5-4239-423b-a4c2-912082447e29,function_instantiate_time,1773616374.032363,4.267455542
experiment_name,5a74913c-3d89-44d5-bbe8-803f1e02ef74,function_instantiate_time,1773616374.054006,4.289699958
experiment_name,5c6e20e1-0eaf-48c4-8279-5a5e060ebf7e,function_instantiate_time,1773616374.03394,4.268927083
experiment_name,0d021bfb-49a8-4f73-9c7e-fd215e974189,function_instantiate_time,1773616374.033925,4.268981042
experiment_name,459f0344-ecf8-4f85-b452-9a61fdb98856,function_instantiate_time,1773616374.048095,4.283592167
experiment_name,2d986b1a-2276-494b-9f5c-fc89e35dd18f,function_instantiate_time,1773616374.033374,4.268665417
experiment_name,8d2685e4-6414-425b-bf52-3b1e82bdaf07,function_instantiate_time,1773616374.063656,4.300203625
experiment_name,ac369e95-11fe-4aa2-8534-6d16e0f84a73,function_instantiate_time,1773616374.04133,4.276883875
experiment_name,84fe521c-57b8-4f62-8904-85aceab1ee46,function_instantiate_time,1773616374.037189,4.272592
experiment_name,94b4f850-30d9-479f-9895-44e2f946056d,function_init_time,1773616374.064109,0.000040542
experiment_name,ac369e95-11fe-4aa2-8534-6d16e0f84a73,function_init_time,1773616374.041357,0.0000595
experiment_name,c9b3809b-6415-4692-a9dd-4110ccca26cb,function_init_time,1773616374.056643,0.0000595
experiment_name,d70174b4-6168-4111-9689-7525217203bf,function_init_time,1773616374.041425,0.000093917
experiment_name,5434fa6f-ecb1-4dad-baca-3490dda37af3,function_init_time,1773616374.065141,0.000035875
experiment_name,5ae24624-e28a-41c1-b790-04cff9c66e7f,function_init_time,1773616374.055091,0.000075375
experiment_name,2d986b1a-2276-494b-9f5c-fc89e35dd18f,function_init_time,1773616374.03338,0.000069042
experiment_name,4cdad354-7b2a-474f-8767-62ca35016ce8,function_init_time,1773616374.054069,0.000100542
experiment_name,5c6e20e1-0eaf-48c4-8279-5a5e060ebf7e,function_init_time,1773616374.034025,0.000051208
experiment_name,8d2685e4-6414-425b-bf52-3b1e82bdaf07,function_init_time,1773616374.063688,0.000036875
experiment_name,0a96d0bb-ca7e-494f-97b1-8132da1224f1,function_init_time,1773616374.061323,0.000036709
experiment_name,a37ffdc4-d3f4-4968-836f-aed155970d81,function_init_time,1773616374.061302,0.000066125
experiment_name,b36632bc-35ff-46d9-82b1-0148b36da56f,function_init_time,1773616374.066369,0.000075042
experiment_name,15f769e5-4239-423b-a4c2-912082447e29,function_init_time,1773616374.032449,0.000103875
experiment_name,d8b8b563-a72e-47d0-a633-ee60ec8db0db,function_init_time,1773616374.061004,0.000044791
experiment_name,5a74913c-3d89-44d5-bbe8-803f1e02ef74,function_init_time,1773616374.054027,0.0000695
experiment_name,7ea4f60c-8ac0-47bc-accf-66d27006d96d,function_init_time,1773616374.037192,0.000048459
experiment_name,0d021bfb-49a8-4f73-9c7e-fd215e974189,function_init_time,1773616374.033963,0.000056667
experiment_name,459f0344-ecf8-4f85-b452-9a61fdb98856,function_init_time,1773616374.048189,0.000087875
experiment_name,05a9b8ea-a484-4573-951a-4646fa22422a,function_init_time,1773616374.058328,0.000048125
experiment_name,78c30aa6-361b-4108-bb36-b36f68e036d5,function_init_time,1773616374.047026,0.000105791
experiment_name,13306d2f-35b4-4a38-92dd-25f014319832,function_init_time,1773616374.066927,0.000036
experiment_name,84fe521c-57b8-4f62-8904-85aceab1ee46,function_init_time,1773616374.037224,0.000078
experiment_name,8f3d0b42-6ef7-445b-836f-baf632f60eac,function_init_time,1773616374.064792,0.000040542
experiment_name,8f3d0b42-6ef7-445b-836f-baf632f60eac,function_execution_time,1773616374.064876,0.000069459
experiment_name,8f3d0b42-6ef7-445b-836f-baf632f60eac,function_execution_time,1773616374.066566,0.000070459
experiment_name,2d986b1a-2276-494b-9f5c-fc89e35dd18f,function_execution_time,1773616374.033723,0.000197583
experiment_name,2d986b1a-2276-494b-9f5c-fc89e35dd18f,function_execution_time,1773616374.065388,0.0000815
experiment_name,13306d2f-35b4-4a38-92dd-25f014319832,function_execution_time,1773616374.067116,0.000131458
experiment_name,13306d2f-35b4-4a38-92dd-25f014319832,function_execution_time,1773616374.067187,0.0000575
experiment_name,0a96d0bb-ca7e-494f-97b1-8132da1224f1,function_execution_time,1773616374.061465,0.000093625
experiment_name,0a96d0bb-ca7e-494f-97b1-8132da1224f1,function_execution_time,1773616374.06153,0.000106125
experiment_name,0a96d0bb-ca7e-494f-97b1-8132da1224f1,function_execution_time,1773616374.063876,0.0000975
experiment_name,0a96d0bb-ca7e-494f-97b1-8132da1224f1,function_execution_time,1773616374.067138,0.000098291
experiment_name,5434fa6f-ecb1-4dad-baca-3490dda37af3,function_execution_time,1773616374.06522,0.00008425
experiment_name,5434fa6f-ecb1-4dad-baca-3490dda37af3,function_execution_time,1773616374.065324,0.000087084
experiment_name,5434fa6f-ecb1-4dad-baca-3490dda37af3,function_execution_time,1773616374.065456,0.000083333
experiment_name,5434fa6f-ecb1-4dad-baca-3490dda37af3,function_execution_time,1773616374.065503,0.000084875
experiment_name,5434fa6f-ecb1-4dad-baca-3490dda37af3,function_execution_time,1773616374.065619,0.0000955
experiment_name,5434fa6f-ecb1-4dad-baca-3490dda37af3,function_execution_time,1773616374.065702,0.000078125
experiment_name,5434fa6f-ecb1-4dad-baca-3490dda37af3,function_execution_time,1773616374.065843,0.000133666
experiment_name,5434fa6f-ecb1-4dad-baca-3490dda37af3,function_execution_time,1773616374.065971,0.000137
experiment_name,5434fa6f-ecb1-4dad-baca-3490dda37af3,function_execution_time,1773616374.066111,0.000110625
experiment_name,5434fa6f-ecb1-4dad-baca-3490dda37af3,function_execution_time,1773616374.066225,0.000116542
experiment_name,5434fa6f-ecb1-4dad-baca-3490dda37af3,function_execution_time,1773616374.066485,0.000252625
experiment_name,5434fa6f-ecb1-4dad-baca-3490dda37af3,function_execution_time,1773616374.066572,0.000090166
experiment_name,0d021bfb-49a8-4f73-9c7e-fd215e974189,function_execution_time,1773616374.034104,0.000113917
experiment_name,0d021bfb-49a8-4f73-9c7e-fd215e974189,function_execution_time,1773616374.065476,0.000068334
experiment_name,5ae24624-e28a-41c1-b790-04cff9c66e7f,function_execution_time,1773616374.05536,0.000158208
experiment_name,5ae24624-e28a-41c1-b790-04cff9c66e7f,function_execution_time,1773616374.066007,0.000081041
experiment_name,ac369e95-11fe-4aa2-8534-6d16e0f84a73,function_execution_time,1773616374.041714,0.000172459
experiment_name,c9b3809b-6415-4692-a9dd-4110ccca26cb,function_execution_time,1773616374.056795,0.00012775
experiment_name,15f769e5-4239-423b-a4c2-912082447e29,function_execution_time,1773616374.032681,0.000162125
experiment_name,d70174b4-6168-4111-9689-7525217203bf,function_execution_time,1773616374.041626,0.00017925
experiment_name,05a9b8ea-a484-4573-951a-4646fa22422a,function_execution_time,1773616374.058615,0.000181167
experiment_name,05a9b8ea-a484-4573-951a-4646fa22422a,function_execution_time,1773616374.061596,0.000067666
experiment_name,94b4f850-30d9-479f-9895-44e2f946056d,function_execution_time,1773616374.064196,0.000071792
experiment_name,94b4f850-30d9-479f-9895-44e2f946056d,function_execution_time,1773616374.066383,0.000191083
experiment_name,459f0344-ecf8-4f85-b452-9a61fdb98856,function_execution_time,1773616374.048404,0.000167666
experiment_name,459f0344-ecf8-4f85-b452-9a61fdb98856,function_execution_time,1773616374.065912,0.000076584
experiment_name,d8b8b563-a72e-47d0-a633-ee60ec8db0db,function_execution_time,1773616374.061112,0.00008225
experiment_name,5a74913c-3d89-44d5-bbe8-803f1e02ef74,function_execution_time,1773616374.054476,0.000154375
experiment_name,4cdad354-7b2a-474f-8767-62ca35016ce8,function_execution_time,1773616374.054559,0.000150959
experiment_name,ec1b27b0-8ffb-4bf8-8e15-f99ef70a25b6,function_execution_time,1773616374.06529,0.000077209
experiment_name,5c6e20e1-0eaf-48c4-8279-5a5e060ebf7e,function_execution_time,1773616374.034113,0.000096291
experiment_name,5c6e20e1-0eaf-48c4-8279-5a5e060ebf7e,function_execution_time,1773616374.065575,0.000078667
experiment_name,84fe521c-57b8-4f62-8904-85aceab1ee46,function_execution_time,1773616374.037427,0.000151541
experiment_name,84fe521c-57b8-4f62-8904-85aceab1ee46,function_execution_time,1773616374.065839,0.000161583
experiment_name,8d2685e4-6414-425b-bf52-3b1e82bdaf07,function_execution_time,1773616374.063779,0.000084209
experiment_name,8d2685e4-6414-425b-bf52-3b1e82bdaf07,function_execution_time,1773616374.063943,0.000063834
experiment_name,a37ffdc4-d3f4-4968-836f-aed155970d81,function_execution_time,1773616374.06149,0.000105292
experiment_name,a37ffdc4-d3f4-4968-836f-aed155970d81,function_execution_time,1773616374.066386,0.000245333
experiment_name,7ea4f60c-8ac0-47bc-accf-66d27006d96d,function_execution_time,1773616374.037493,0.0002075
experiment_name,7ea4f60c-8ac0-47bc-accf-66d27006d96d,function_execution_time,1773616374.061526,0.000097667
experiment_name,78c30aa6-361b-4108-bb36-b36f68e036d5,function_execution_time,1773616374.04722,0.00016025
experiment_name,78c30aa6-361b-4108-bb36-b36f68e036d5,function_execution_time,1773616374.0658,0.000106667
experiment_name,b36632bc-35ff-46d9-82b1-0148b36da56f,function_execution_time,1773616374.066448,0.000065166
experiment_name,b36632bc-35ff-46d9-82b1-0148b36da56f,function_execution_time,1773616374.066625,0.000061875
experiment_name,05a9b8ea-a484-4573-951a-4646fa22422a,function_transfer_time,1773616374.058374,0.000073
experiment_name,05a9b8ea-a484-4573-951a-4646fa22422a,function_transfer_time,1773616374.061522,0.00003
experiment_name,a37ffdc4-d3f4-4968-836f-aed155970d81,function_transfer_time,1773616374.061336,0.000061
experiment_name,a37ffdc4-d3f4-4968-836f-aed155970d81,function_transfer_time,1773616374.066147,0.000069
experiment_name,d70174b4-6168-4111-9689-7525217203bf,function_transfer_time,1773616374.041458,0.000047
experiment_name,b36632bc-35ff-46d9-82b1-0148b36da56f,function_transfer_time,1773616374.066389,0.00005
experiment_name,b36632bc-35ff-46d9-82b1-0148b36da56f,function_transfer_time,1773616374.06657,0.00002
experiment_name,2d986b1a-2276-494b-9f5c-fc89e35dd18f,function_transfer_time,1773616374.03355,0.00016
experiment_name,2d986b1a-2276-494b-9f5c-fc89e35dd18f,function_transfer_time,1773616374.065321,0.000018
experiment_name,94b4f850-30d9-479f-9895-44e2f946056d,function_transfer_time,1773616374.064121,0.000021
experiment_name,94b4f850-30d9-479f-9895-44e2f946056d,function_transfer_time,1773616374.066199,0.000042
experiment_name,7ea4f60c-8ac0-47bc-accf-66d27006d96d,function_transfer_time,1773616374.03732,0.000119
experiment_name,7ea4f60c-8ac0-47bc-accf-66d27006d96d,function_transfer_time,1773616374.061436,0.000032
experiment_name,15f769e5-4239-423b-a4c2-912082447e29,function_transfer_time,1773616374.032507,0.000059
experiment_name,5c6e20e1-0eaf-48c4-8279-5a5e060ebf7e,function_transfer_time,1773616374.03406,0.000042
experiment_name,5c6e20e1-0eaf-48c4-8279-5a5e060ebf7e,function_transfer_time,1773616374.065499,0.000029
experiment_name,0a96d0bb-ca7e-494f-97b1-8132da1224f1,function_transfer_time,1773616374.061331,0.023904
experiment_name,0a96d0bb-ca7e-494f-97b1-8132da1224f1,function_transfer_time,1773616374.061486,0.002926
experiment_name,0a96d0bb-ca7e-494f-97b1-8132da1224f1,function_transfer_time,1773616374.063775,0.00002
experiment_name,0a96d0bb-ca7e-494f-97b1-8132da1224f1,function_transfer_time,1773616374.067025,0.000024
experiment_name,c9b3809b-6415-4692-a9dd-4110ccca26cb,function_transfer_time,1773616374.056686,0.015127
experiment_name,78c30aa6-361b-4108-bb36-b36f68e036d5,function_transfer_time,1773616374.047072,0.000095
experiment_name,78c30aa6-361b-4108-bb36-b36f68e036d5,function_transfer_time,1773616374.065693,0.000024
experiment_name,84fe521c-57b8-4f62-8904-85aceab1ee46,function_transfer_time,1773616374.037298,0.000049
experiment_name,84fe521c-57b8-4f62-8904-85aceab1ee46,function_transfer_time,1773616374.065651,0.000071
experiment_name,ac369e95-11fe-4aa2-8534-6d16e0f84a73,function_transfer_time,1773616374.041613,0.000172
experiment_name,0d021bfb-49a8-4f73-9c7e-fd215e974189,function_transfer_time,1773616374.034003,0.000026
experiment_name,0d021bfb-49a8-4f73-9c7e-fd215e974189,function_transfer_time,1773616374.065428,0.00003
experiment_name,ec1b27b0-8ffb-4bf8-8e15-f99ef70a25b6,function_transfer_time,1773616374.065215,0.00002
experiment_name,459f0344-ecf8-4f85-b452-9a61fdb98856,function_transfer_time,1773616374.04822,0.000065
experiment_name,459f0344-ecf8-4f85-b452-9a61fdb98856,function_transfer_time,1773616374.065854,0.000044
experiment_name,4cdad354-7b2a-474f-8767-62ca35016ce8,function_transfer_time,1773616374.054467,0.000363
experiment_name,8d2685e4-6414-425b-bf52-3b1e82bdaf07,function_transfer_time,1773616374.063698,0.000014
experiment_name,8d2685e4-6414-425b-bf52-3b1e82bdaf07,function_transfer_time,1773616374.063867,0.00002
experiment_name,d8b8b563-a72e-47d0-a633-ee60ec8db0db,function_transfer_time,1773616374.061023,0.000027
experiment_name,13306d2f-35b4-4a38-92dd-25f014319832,function_transfer_time,1773616374.066937,0.000013
experiment_name,13306d2f-35b4-4a38-92dd-25f014319832,function_transfer_time,1773616374.067156,0.000047
experiment_name,5434fa6f-ecb1-4dad-baca-3490dda37af3,function_transfer_time,1773616374.065151,3.473205
experiment_name,5434fa6f-ecb1-4dad-baca-3490dda37af3,function_transfer_time,1773616374.065226,0.031584
experiment_name,5434fa6f-ecb1-4dad-baca-3490dda37af3,function_transfer_time,1773616374.065327,0.031289
experiment_name,5434fa6f-ecb1-4dad-baca-3490dda37af3,function_transfer_time,1773616374.065459,0.031329
experiment_name,5434fa6f-ecb1-4dad-baca-3490dda37af3,function_transfer_time,1773616374.065506,0.02811
experiment_name,5434fa6f-ecb1-4dad-baca-3490dda37af3,function_transfer_time,1773616374.065633,0.018456
experiment_name,5434fa6f-ecb1-4dad-baca-3490dda37af3,function_transfer_time,1773616374.065717,0.017353
experiment_name,5434fa6f-ecb1-4dad-baca-3490dda37af3,function_transfer_time,1773616374.065846,0.010592
experiment_name,5434fa6f-ecb1-4dad-baca-3490dda37af3,function_transfer_time,1773616374.065975,0.004573
experiment_name,5434fa6f-ecb1-4dad-baca-3490dda37af3,function_transfer_time,1773616374.066122,0.001922
experiment_name,5434fa6f-ecb1-4dad-baca-3490dda37af3,function_transfer_time,1773616374.066248,0.001377
experiment_name,5434fa6f-ecb1-4dad-baca-3490dda37af3,function_transfer_time,1773616374.066488,0.000054
experiment_name,5a74913c-3d89-44d5-bbe8-803f1e02ef74,function_transfer_time,1773616374.054448,0.000248
experiment_name,5ae24624-e28a-41c1-b790-04cff9c66e7f,function_transfer_time,1773616374.05513,0.00008
experiment_name,5ae24624-e28a-41c1-b790-04cff9c66e7f,function_transfer_time,1773616374.065936,0.00004
experiment_name,8f3d0b42-6ef7-445b-836f-baf632f60eac,function_transfer_time,1773616374.064802,0.000016
experiment_name,8f3d0b42-6ef7-445b-836f-baf632f60eac,function_transfer_time,1773616374.06649,0.000038
